3    743  35.568115 129.345458 243  07/06/2020 06:23:43 260  -0.10  43.61  0.80  NE    9157     331.00 NNW   471   2         0        
3    742  35.568038 129.345397 317  07/06/2020 06:23:44 336  -0.10  53.09  1.46  NE    9157     331.00 NNW   828   4         0        
3    741  35.568008 129.345367 390  07/06/2020 06:23:45 409  -0.10  63.93  2.70  ENE   9157     331.00 NNW   1185  6         0        
3    741  35.568008 129.345382 465  07/06/2020 06:23:46 483  -0.10  72.13  1.52  ENE   9157     331.00 NNW   1542  8         0        
3    740  35.568008 129.345367 540  07/06/2020 06:23:47 559  -0.10  80.23  1.15  E     9157     331.00 NNW   1899  10        0        
3    739  35.568008 129.345367 615  07/06/2020 06:23:48 632  -0.10  88.99  0.61  E     9157     331.00 NNW   2287  12        0        
3    739  35.568000 129.345352 689  07/06/2020 06:23:49 707  -0.10  97.87  1.80  E     9157     331.00 NNW   2675  14        0        
3    738  35.568004 129.345352 763  07/06/2020 06:23:50 781  -0.10  96.30  0.44  E     9157     331.00 NNW   3063  16        0        
3    737  35.568008 129.345352 837  07/06/2020 06:23:51 854  -0.10  99.36  0.81  E     9157     331.00 NNW   3554  19        0        
3    737  35.568008 129.345352 88   07/06/2020 06:23:53 168  0.00   93.46  0.67  E     9157     331.00 NNW   4134  22        0        
3    736  35.568008 129.345352 173  07/06/2020 06:23:54 234  0.00   91.05  0.85  E     9157     331.00 NNW   4612  24        0        
3    735  35.568012 129.345367 265  07/06/2020 06:23:55 282  -0.10  88.03  1.52  E     9157     331.00 NNW   5000  26        0        
3    734  35.568012 129.345367 341  07/06/2020 06:23:56 359  -0.10  86.72  1.96  E     9157     331.00 NNW   5388  28        0        
3    734  35.568008 129.345367 414  07/06/2020 06:23:57 434  -0.10  84.68  1.35  E     9157     331.00 NNW   5776  30        0        
3    733  35.568008 129.345367 489  07/06/2020 06:23:58 507  -0.10  82.45  1.13  E     9157     331.00 NNW   6164  32        0        
3    732  35.568012 129.345367 562  07/06/2020 06:23:59 580  -0.10  79.97  1.26  E     9157     331.00 NNW   6552  34        0        
3    732  35.568016 129.345367 637  07/06/2020 06:24:00 654  -0.10  79.03  1.81  E     9157     331.00 NNW   6940  36        0        
3    731  35.568016 129.345367 713  07/06/2020 06:24:01 731  -0.10  77.06  1.52  ENE   9157     331.00 NNW   7297  38        0        
3    730  35.568035 129.345382 789  07/06/2020 06:24:02 808  -0.10  41.50  4.37  NE    9157     331.00 NNW   7654  40        0        
3    730  35.568008 129.345367 872  07/06/2020 06:24:04 66   -0.10  43.93  1.46  NE    9157     331.00 NNW   8227  44        0        
3    729  35.567977 129.345321 91   07/06/2020 06:24:05 150  -0.10  47.80  0.76  NE    9157     331.00 NNW   8725  46        0        
3    728  35.567977 129.345321 221  07/06/2020 06:24:06 239  -0.10  49.99  1.24  NE    9157     331.00 NNW   9082  48        0        
3    727  35.567966 129.345321 297  07/06/2020 06:24:07 315  -0.10  49.90  1.35  NE    9157     331.00 NNW   9439  50        0        
3    727  35.567966 129.345306 370  07/06/2020 06:24:08 387  -0.10  47.39  1.00  NE    9157     331.00 NNW   9796  52        0        
3    726  35.567943 129.345291 445  07/06/2020 06:24:09 463  -0.10  58.05  1.57  ENE   9157     331.00 NNW   10153 54        0        
3    725  35.567939 129.345275 518  07/06/2020 06:24:10 537  -0.10  277.63 4.09  W     9157     331.00 NNW   10512 56        0        
3    725  35.567977 129.345291 593  07/06/2020 06:24:11 612  -0.10  281.71 2.37  WNW   9157     331.00 NNW   10871 58        0        
3    725  35.567977 129.345291 1666 07/06/2020 06:24:11 1685 -0.10  281.71 2.37  WNW   9157     331.00 NNW   11118 58        0        
3    724  35.567970 129.345291 740  07/06/2020 06:24:13 759  -0.10  292.00 1.43  WNW   9157     331.00 NNW   11477 60        0        
3    723  35.567958 129.345306 815  07/06/2020 06:24:14 832  -0.10  299.22 1.54  WNW   9157     331.00 NNW   11904 62        0        
3    722  35.567943 129.345306 52   07/06/2020 06:24:16 112  -0.10  60.83  1.70  ENE   9157     331.00 NNW   12453 66        0        
3    721  35.567886 129.345245 138  07/06/2020 06:24:17 198  -0.10  70.44  1.15  ENE   9157     331.00 NNW   12907 68        0        
3    720  35.567886 129.345245 228  07/06/2020 06:24:18 247  -0.10  79.39  1.07  E     9157     331.00 NNW   13264 70        0        
3    720  35.567886 129.345245 303  07/06/2020 06:24:19 320  -0.10  84.79  1.02  E     9157     331.00 NNW   13621 72        0        
3    719  35.567909 129.345260 389  07/06/2020 06:24:20 407  -0.10  84.79  0.17  E     9157     331.00 NNW   13968 74        0        
3    719  35.567886 129.345245 454  07/06/2020 06:24:21 473  -0.10  94.54  1.72  E     9157     331.00 NNW   14325 76        0        
3    718  35.567901 129.345245 529  07/06/2020 06:24:22 547  -0.10  87.06  0.80  E     9157     331.00 NNW   14682 78        0        
3    717  35.567897 129.345245 602  07/06/2020 06:24:23 620  -0.10  94.06  0.67  E     9157     331.00 NNW   15039 80        0        
3    717  35.567897 129.345260 678  07/06/2020 06:24:24 696  -0.10  96.16  1.24  E     9157     331.00 NNW   15396 82        0        
3    716  35.567913 129.345275 752  07/06/2020 06:24:25 771  -0.10  95.06  2.82  E     9157     331.00 NNW   15753 84        0        
3    716  35.567886 129.345245 820  07/06/2020 06:24:26 837  -0.10  101.96 1.26  ESE   9157     331.00 NNW   16206 87        0        
3    715  35.567897 129.345245 80   07/06/2020 06:24:28 157  -0.10  118.43 1.59  ESE   9157     331.00 NNW   16759 90        0        
3    714  35.567916 129.345245 164  07/06/2020 06:24:29 223  -0.10  109.09 0.93  ESE   9157     331.00 NNW   17189 92        0        
3    713  35.567928 129.345245 254  07/06/2020 06:24:30 272  -0.10  102.49 0.93  ESE   9157     331.00 NNW   17548 94        0        
3    712  35.567935 129.345260 330  07/06/2020 06:24:31 347  -0.10  98.20  1.06  E     9157     331.00 NNW   17905 96        0        
3    712  35.567943 129.345260 405  07/06/2020 06:24:32 423  -0.10  94.23  0.87  E     9157     331.00 NNW   18262 98        0        
3    711  35.567943 129.345245 478  07/06/2020 06:24:33 495  -0.10  105.47 0.91  ESE   9157     331.00 NNW   18619 100       0        
3    711  35.567939 129.345245 552  07/06/2020 06:24:34 570  -0.10  107.17 0.87  ESE   9157     331.00 NNW   18976 102       0        
3    710  35.567920 129.345245 625  07/06/2020 06:24:35 645  -0.10  107.09 1.54  ESE   9157     331.00 NNW   19335 104       0        
3    709  35.567905 129.345245 701  07/06/2020 06:24:36 719  -0.10  113.96 0.78  ESE   9157     331.00 NNW   19694 106       0        
3    709  35.567920 129.345260 774  07/06/2020 06:24:37 792  -0.10  113.89 0.54  ESE   9157     331.00 NNW   20053 108       0        
3    708  35.567905 129.345245 855  07/06/2020 06:24:38 932  -0.10  126.21 1.11  SE    9157     331.00 NNW   20616 112       0        
3    707  35.567867 129.345230 76   07/06/2020 06:24:40 135  -0.10  216.86 3.74  SW    9157     331.00 NNW   21130 114       0        
3    706  35.567886 129.345260 220  07/06/2020 06:24:41 237  -0.10  217.42 1.78  SW    9157     331.00 NNW   21489 116       0        
3    706  35.567890 129.345260 297  07/06/2020 06:24:42 315  -0.10  217.98 1.78  SW    9157     331.00 NNW   21848 118       0        
3    705  35.567886 129.345260 371  07/06/2020 06:24:43 388  -0.10  218.74 2.76  SW    9157     331.00 NNW   22207 120       0        
3    705  35.567897 129.345275 445  07/06/2020 06:24:44 464  -0.10  218.61 2.22  SW    9157     331.00 NNW   22566 122       0        
3    704  35.567920 129.345291 520  07/06/2020 06:24:45 538  -0.10  215.94 0.59  SW    9157     331.00 NNW   22925 124       0        
3    703  35.567943 129.345321 595  07/06/2020 06:24:46 613  -0.10  207.55 1.65  SSW   9157     331.00 NNW   23284 126       0        
3    703  35.567981 129.345367 670  07/06/2020 06:24:47 688  -0.10  197.38 3.11  SSW   9157     331.00 NNW   23643 128       0        
3    702  35.568008 129.345382 742  07/06/2020 06:24:48 760  -0.10  208.59 3.15  SSW   9157     331.00 NNW   24002 130       0        
3    702  35.568046 129.345413 817  07/06/2020 06:24:49 836  -0.10  52.81  4.11  NE    9157     331.00 NNW   24427 132       0        
3    701  35.568115 129.345458 54   07/06/2020 06:24:51 119  -0.10  27.33  6.37  NNE   9157     331.00 NNW   24979 136       0        
3    700  35.568130 129.345489 140  07/06/2020 06:24:52 199  -0.10  47.75  7.04  NE    9157     331.00 NNW   25430 138       0        
3    699  35.568168 129.345520 233  07/06/2020 06:24:53 251  0.00   44.25  8.56  NE    9157     331.00 NNW   25786 140       0        
3    699  35.568206 129.345565 305  07/06/2020 06:24:54 324  0.00   38.62  9.04  NE    9157     331.00 NNW   26142 142       0        
3    698  35.568218 129.345565 381  07/06/2020 06:24:55 400  0.00   34.83  8.15  NE    9157     331.00 NNW   26498 144       0        
3    698  35.568225 129.345565 456  07/06/2020 06:24:56 474  -0.10  35.74  6.93  NE    9157     331.00 NNW   26855 146       0        
3    697  35.568210 129.345550 531  07/06/2020 06:24:57 548  -0.10  27.32  4.57  NNE   9157     331.00 NNW   27212 148       0        
3    696  35.568199 129.345535 606  07/06/2020 06:24:58 623  -0.10  40.38  4.52  NE    9157     331.00 NNW   27569 150       0        
3    696  35.568206 129.345535 680  07/06/2020 06:24:59 698  -0.10  2.01   4.44  N     9157     331.00 NNW   27924 152       0        
3    695  35.568214 129.345535 754  07/06/2020 06:25:00 772  -0.10  17.08  4.20  NNE   9157     331.00 NNW   28281 154       0        
3    695  35.568180 129.345489 828  07/06/2020 06:25:01 847  -0.10  11.44  3.33  NNE   9157     331.00 NNW   28732 157       0        
3    694  35.568183 129.345489 80   07/06/2020 06:25:03 158  -0.10  358.39 1.28  N     9157     331.00 NNW   29282 160       0        
3    693  35.568214 129.345535 168  07/06/2020 06:25:04 229  -0.10  4.14   2.91  N     9157     331.00 NNW   29707 162       0        
3    692  35.568233 129.345550 255  07/06/2020 06:25:05 273  -0.10  7.76   2.17  N     9157     331.00 NNW   30062 164       0        
3    692  35.568271 129.345581 329  07/06/2020 06:25:06 349  -0.10  9.32   2.56  N     9157     331.00 NNW   30417 166       0        
3    691  35.568252 129.345581 404  07/06/2020 06:25:07 421  -0.10  9.99   1.07  N     9157     331.00 NNW   30772 168       0        
3    691  35.568218 129.345550 473  07/06/2020 06:25:08 492  -0.10  10.27  0.78  N     9157     331.00 NNW   31129 170       0        
3    690  35.568256 129.345581 552  07/06/2020 06:25:09 569  -0.10  12.21  2.57  NNE   9157     331.00 NNW   31486 172       0        
3    689  35.568252 129.345581 622  07/06/2020 06:25:10 641  -0.10  12.41  1.46  NNE   9157     331.00 NNW   31843 174       0        
3    689  35.568206 129.345550 699  07/06/2020 06:25:11 717  0.00   3.48   1.80  N     9157     331.00 NNW   32197 176       0        
3    688  35.568202 129.345550 774  07/06/2020 06:25:12 792  0.00   13.31  0.83  NNE   9157     331.00 NNW   32553 178       0        
3    688  35.568187 129.345535 852  07/06/2020 06:25:13 930  0.00   238.11 4.39  WSW   9157     331.00 NNW   33110 182       0        
3    687  35.568161 129.345504 71   07/06/2020 06:25:15 129  0.00   237.15 3.39  WSW   9157     331.00 NNW   33625 184       0        
3    686  35.568153 129.345489 224  07/06/2020 06:25:16 241  0.00   235.95 3.02  SW    9157     331.00 NNW   33983 186       0        
3    685  35.568168 129.345504 300  07/06/2020 06:25:17 318  0.00   233.43 0.41  SW    9157     331.00 NNW   34341 188       0        
3    685  35.568161 129.345504 373  07/06/2020 06:25:18 390  0.00   226.93 1.28  SW    9157     331.00 NNW   34699 190       0        
3    684  35.568115 129.345458 447  07/06/2020 06:25:19 466  0.00   222.89 3.76  SW    9157     331.00 NNW   35057 192       0        
3    684  35.568107 129.345458 521  07/06/2020 06:25:20 539  0.00   222.48 2.37  SW    9157     331.00 NNW   35415 194       0        
3    683  35.568107 129.345458 596  07/06/2020 06:25:21 614  0.00   218.96 0.91  SW    9157     331.00 NNW   35773 196       0        
3    683  35.568088 129.345443 670  07/06/2020 06:25:22 690  0.00   219.26 2.17  SW    9157     331.00 NNW   36131 198       0        
3    682  35.568115 129.345458 745  07/06/2020 06:25:23 762  0.00   209.50 1.09  SSW   9157     331.00 NNW   36489 200       0        
3    681  35.568153 129.345489 823  07/06/2020 06:25:24 841  0.00   56.93  5.04  ENE   9157     331.00 NNW   36873 202       0        
3    681  35.568134 129.345458 914  07/06/2020 06:25:26 99   0.00   47.58  1.24  NE    9157     331.00 NNW   37447 206       0        
3    680  35.568119 129.345443 123  07/06/2020 06:25:27 183  0.00   41.23  0.70  NE    9157     331.00 NNW   37913 208       0        
3    679  35.568119 129.345443 224  07/06/2020 06:25:28 242  0.00   47.37  0.57  NE    9157     331.00 NNW   38269 210       0        
3    679  35.568149 129.345458 298  07/06/2020 06:25:29 316  0.00   49.31  3.54  NE    9157     331.00 NNW   38625 212       0        
3    678  35.568164 129.345489 372  07/06/2020 06:25:30 389  0.00   59.16  4.37  ENE   9157     331.00 NNW   38981 214       0        
3    678  35.568176 129.345504 448  07/06/2020 06:25:31 465  0.00   59.15  5.04  ENE   9157     331.00 NNW   39337 216       0        
3    677  35.568191 129.345520 519  07/06/2020 06:25:32 539  0.00   47.10  6.54  NE    9157     331.00 NNW   39693 218       0        
3    676  35.568199 129.345535 595  07/06/2020 06:25:33 612  0.00   52.46  6.70  NE    9157     331.00 NNW   40049 220       0        
3    676  35.568199 129.345535 670  07/06/2020 06:25:34 689  0.00   48.99  7.02  NE    9157     331.00 NNW   40405 222       0        
3    675  35.568191 129.345520 744  07/06/2020 06:25:35 761  0.00   37.01  5.39  NE    9157     331.00 NNW   40761 224       0        
3    675  35.568176 129.345504 819  07/06/2020 06:25:36 836  0.00   40.95  4.41  NE    9157     331.00 NNW   41176 226       0        
3    674  35.568161 129.345474 44   07/06/2020 06:25:38 108  0.00   27.13  4.41  NNE   9157     331.00 NNW   41755 230       0        
3    673  35.568153 129.345474 131  07/06/2020 06:25:39 193  0.00   36.32  4.20  NE    9157     331.00 NNW   42272 232       0        
3    673  35.568145 129.345474 250  07/06/2020 06:25:40 268  0.00   44.60  4.17  NE    9157     331.00 NNW   42657 234       0        
3    672  35.568153 129.345474 326  07/06/2020 06:25:41 345  0.00   49.52  5.56  NE    9157     331.00 NNW   43042 236       0        
3    672  35.568168 129.345489 401  07/06/2020 06:25:42 419  0.00   48.05  7.63  NE    9157     331.00 NNW   43427 238       0        
3    671  35.568157 129.345489 474  07/06/2020 06:25:43 492  0.00   40.21  5.67  NE    9157     331.00 NNW   43823 240       0        
3    670  35.568130 129.345458 547  07/06/2020 06:25:44 566  0.00   40.35  2.61  NE    9157     331.00 NNW   44219 242       0        
3    670  35.568119 129.345443 624  07/06/2020 06:25:45 641  0.00   40.48  1.46  NE    9157     331.00 NNW   44615 244       0        
3    669  35.568134 129.345458 698  07/06/2020 06:25:46 717  0.00   40.23  3.57  NE    9157     331.00 NNW   45011 246       0        
3    669  35.568134 129.345458 773  07/06/2020 06:25:47 791  0.00   42.04  3.59  NE    9157     331.00 NNW   45407 248       0        
3    668  35.568130 129.345458 848  07/06/2020 06:25:48 871  0.00   41.99  3.17  NE    9157     331.00 NNW   45954 251       0        
3    668  35.568122 129.345443 149  07/06/2020 06:25:50 95   0.00   40.74  2.11  NE    9157     331.00 NNW   46538 254       0        
3    667  35.568111 129.345428 218  07/06/2020 06:25:51 276  0.00   39.55  0.93  NE    9157     331.00 NNW   46991 256       0        
3    666  35.568088 129.345413 304  07/06/2020 06:25:52 321  0.00   29.52  1.96  NNE   9157     331.00 NNW   47387 258       0        
3    666  35.568073 129.345397 378  07/06/2020 06:25:53 397  0.00   18.86  3.09  NNE   9157     331.00 NNW   47783 260       0        
3    665  35.568073 129.345382 456  07/06/2020 06:25:54 473  0.00   9.22   2.91  N     9157     331.00 NNW   48177 262       0        
3    664  35.568084 129.345397 528  07/06/2020 06:25:55 546  0.00   18.92  1.59  NNE   9157     331.00 NNW   48573 264       0        
3    664  35.568088 129.345413 602  07/06/2020 06:25:56 620  0.00   25.62  1.09  NNE   9157     331.00 NNW   48969 266       0        
3    663  35.568077 129.345397 677  07/06/2020 06:25:57 695  0.00   34.91  1.33  NE    9157     331.00 NNW   49365 268       0        
3    663  35.568054 129.345382 752  07/06/2020 06:25:58 770  0.00   24.12  2.83  NNE   9157     331.00 NNW   49761 270       0        
3    662  35.568096 129.345428 827  07/06/2020 06:25:59 845  0.00   27.58  2.32  NNE   9157     331.00 NNW   50251 273       0        
3    662  35.568099 129.345443 79   07/06/2020 06:26:01 155  0.00   32.17  1.48  NNE   9157     331.00 NNW   50839 276       0        
3    661  35.568084 129.345428 165  07/06/2020 06:26:02 224  0.00   23.59  0.78  NNE   9157     331.00 NNW   51343 278       0        
3    660  35.568080 129.345413 263  07/06/2020 06:26:03 281  0.00   16.22  0.59  NNE   9157     331.00 NNW   51737 280       0        
3    660  35.568080 129.345413 1337 07/06/2020 06:26:03 1355 0.00   16.22  0.59  NNE   9157     331.00 NNW   52022 280       0        
3    660  35.568080 129.345413 2411 07/06/2020 06:26:03 2429 0.00   16.22  0.59  NNE   9157     331.00 NNW   52305 280       0        
3    660  35.568080 129.345413 3485 07/06/2020 06:26:03 3503 0.00   16.22  0.59  NNE   9157     331.00 NNW   52590 280       0        
3    660  35.568080 129.345413 4559 07/06/2020 06:26:03 4577 0.00   16.22  0.59  NNE   9157     331.00 NNW   52875 280       0        
3    660  35.568080 129.345413 5632 07/06/2020 06:26:03 5650 0.00   16.22  0.59  NNE   9157     331.00 NNW   53160 280       0        
3    660  35.568080 129.345413 6705 07/06/2020 06:26:03 6723 0.00   16.22  0.59  NNE   9157     331.00 NNW   53445 280       0        
3    660  35.568080 129.345413 7779 07/06/2020 06:26:03 7797 0.00   16.22  0.59  NNE   9157     331.00 NNW   53732 280       0        
3    660  35.568080 129.345413 8862 07/06/2020 06:26:03 8924 0.00   16.22  0.59  NNE   9157     331.00 NNW   54203 280       0        
3    655  35.568073 129.345413 51   07/06/2020 06:26:13 111  0.00   240.51 4.09  WSW   9157     331.00 NNW   54667 282       0        
3    654  35.568042 129.345382 237  07/06/2020 06:26:14 288  0.00   235.75 7.22  SW    9157     331.00 NNW   55128 284       0        
3    654  35.568038 129.345382 320  07/06/2020 06:26:15 339  0.00   222.52 5.72  SW    9157     331.00 NNW   55537 286       0        
3    653  35.568050 129.345382 394  07/06/2020 06:26:16 412  0.00   221.60 4.22  SW    9157     331.00 NNW   55946 288       0        
3    653  35.568073 129.345397 466  07/06/2020 06:26:17 485  0.00   222.29 1.78  SW    9157     331.00 NNW   56355 290       0        
3    653  35.568073 129.345397 1539 07/06/2020 06:26:17 1558 0.00   222.29 1.78  SW    9157     331.00 NNW   56653 290       0        
3    653  35.568073 129.345397 2613 07/06/2020 06:26:17 2632 0.00   222.29 1.78  SW    9157     331.00 NNW   56949 290       0        
3    653  35.568073 129.345397 3687 07/06/2020 06:26:17 3706 0.00   222.29 1.78  SW    9157     331.00 NNW   57247 290       0        
3    653  35.568073 129.345397 4761 07/06/2020 06:26:17 4780 0.00   222.29 1.78  SW    9157     331.00 NNW   57545 290       0        
3    653  35.568073 129.345397 5835 07/06/2020 06:26:17 5854 0.00   222.29 1.78  SW    9157     331.00 NNW   57936 290       0        
3    653  35.568073 129.345397 6957 07/06/2020 06:26:17 7019 0.00   222.29 1.78  SW    9157     331.00 NNW   58411 290       0        
3    653  35.568073 129.345397 8143 07/06/2020 06:26:17 8169 0.00   222.29 1.78  SW    9157     331.00 NNW   58743 290       0        
3    653  35.568073 129.345397 9213 07/06/2020 06:26:17 9232 0.00   222.29 1.78  SW    9157     331.00 NNW   59045 290       0        
3    653  35.568073 129.345397 1028 07/06/2020 06:26:17 1030 0.00   222.29 1.78  SW    9157     331.00 NNW   59347 290       0        
3    653  35.568073 129.345397 1136 07/06/2020 06:26:17 1137 0.00   222.29 1.78  SW    9157     331.00 NNW   59649 290       0        
3    653  35.568073 129.345397 1243 07/06/2020 06:26:17 1245 0.00   222.29 1.78  SW    9157     331.00 NNW   59951 290       0        
3    646  35.568073 129.345367 521  07/06/2020 06:26:30 538  0.00   54.18  1.76  NE    9157     331.00 NNW   60360 292       0        
3    646  35.568073 129.345367 596  07/06/2020 06:26:31 615  0.00   19.17  4.30  NNE   9157     331.00 NNW   60769 294       0        
3    645  35.568134 129.345413 669  07/06/2020 06:26:32 686  0.10   25.26  10.20 NNE   9157     331.00 NNW   61179 296       0        
3    645  35.568134 129.345413 1742 07/06/2020 06:26:32 1759 0.10   25.26  10.20 NNE   9157     331.00 NNW   61479 296       0        
3    645  35.568134 129.345413 2816 07/06/2020 06:26:32 2833 0.10   25.26  10.20 NNE   9157     331.00 NNW   61838 296       0        
3    645  35.568134 129.345413 3924 07/06/2020 06:26:32 3983 0.10   25.26  10.20 NNE   9157     331.00 NNW   62320 296       0        
3    645  35.568134 129.345413 5109 07/06/2020 06:26:32 5166 0.10   25.26  10.20 NNE   9157     331.00 NNW   62677 296       0        
3    645  35.568134 129.345413 6193 07/06/2020 06:26:32 6210 0.10   25.26  10.20 NNE   9157     331.00 NNW   62979 296       0        
3    645  35.568134 129.345413 7267 07/06/2020 06:26:32 7284 0.10   25.26  10.20 NNE   9157     331.00 NNW   63281 296       0        
3    645  35.568134 129.345413 8341 07/06/2020 06:26:32 8359 0.10   25.26  10.20 NNE   9157     331.00 NNW   63583 296       0        
3    645  35.568134 129.345413 9415 07/06/2020 06:26:32 9432 0.10   25.26  10.20 NNE   9157     331.00 NNW   63885 296       0        
3    645  35.568134 129.345413 1048 07/06/2020 06:26:32 1050 0.10   25.26  10.20 NNE   9157     331.00 NNW   64183 296       0        
3    645  35.568134 129.345413 1156 07/06/2020 06:26:32 1157 0.10   25.26  10.20 NNE   9157     331.00 NNW   64490 296       0        
3    645  35.568134 129.345413 1263 07/06/2020 06:26:32 1265 0.10   25.26  10.20 NNE   9157     331.00 NNW   64797 296       0        
3    645  35.568134 129.345413 1371 07/06/2020 06:26:32 1372 0.10   25.26  10.20 NNE   9157     331.00 NNW   65106 296       0        
3    645  35.568134 129.345413 1478 07/06/2020 06:26:32 1480 0.10   25.26  10.20 NNE   9157     331.00 NNW   65417 296       0        
3    645  35.568134 129.345413 1586 07/06/2020 06:26:32 1592 0.10   25.26  10.20 NNE   9157     331.00 NNW   65919 296       0        
3    645  35.568134 129.345413 1705 07/06/2020 06:26:32 1711 0.10   25.26  10.20 NNE   9157     331.00 NNW   66338 296       0        
3    645  35.568134 129.345413 1815 07/06/2020 06:26:32 1817 0.10   25.26  10.20 NNE   9157     331.00 NNW   66647 296       0        
3    645  35.568134 129.345413 1923 07/06/2020 06:26:32 1924 0.10   25.26  10.20 NNE   9157     331.00 NNW   66958 296       0        
3    645  35.568134 129.345413 2030 07/06/2020 06:26:32 2032 0.10   25.26  10.20 NNE   9157     331.00 NNW   67269 296       0        
3    645  35.568134 129.345413 2137 07/06/2020 06:26:32 2139 0.10   25.26  10.20 NNE   9157     331.00 NNW   67580 296       0        
3    634  35.568088 129.345397 468  07/06/2020 06:26:54 485  0.10   41.49  2.91  NE    9157     331.00 NNW   67998 298       0        
3    634  35.568099 129.345413 542  07/06/2020 06:26:55 560  0.10   48.13  4.93  NE    9157     331.00 NNW   68416 300       0        
3    633  35.568107 129.345428 617  07/06/2020 06:26:56 636  0.10   34.80  4.24  NE    9157     331.00 NNW   68867 302       0        
3    633  35.568119 129.345428 690  07/06/2020 06:26:57 708  0.10   41.66  4.30  NE    9157     331.00 NNW   69318 304       0        
3    632  35.568130 129.345443 765  07/06/2020 06:26:58 783  0.10   27.61  4.11  NNE   9157     331.00 NNW   69769 306       0        
3    632  35.568164 129.345474 839  07/06/2020 06:26:59 857  0.10   28.11  6.48  NNE   9157     331.00 NNW   70295 309       0        
3    631  35.568161 129.345458 91   07/06/2020 06:27:01 171  0.10   353.12 3.69  N     9157     331.00 NNW   70909 312       0        
3    630  35.568172 129.345474 181  07/06/2020 06:27:02 241  0.10   38.27  3.85  NE    9157     331.00 NNW   71451 314       0        
3    630  35.568161 129.345458 288  07/06/2020 06:27:03 306  0.10   39.26  2.48  NE    9157     331.00 NNW   71871 316       0        
3    629  35.568145 129.345443 363  07/06/2020 06:27:04 380  0.10   34.84  0.80  NE    9157     331.00 NNW   72291 318       0        
3    629  35.568145 129.345443 1437 07/06/2020 06:27:04 1454 0.10   34.84  0.80  NE    9157     331.00 NNW   72602 318       0        
3    629  35.568145 129.345443 2511 07/06/2020 06:27:04 2528 0.10   34.84  0.80  NE    9157     331.00 NNW   72911 318       0        
3    629  35.568145 129.345443 3585 07/06/2020 06:27:04 3602 0.10   34.84  0.80  NE    9157     331.00 NNW   73251 318       0        
3    629  35.568145 129.345443 4659 07/06/2020 06:27:04 4676 0.10   34.84  0.80  NE    9157     331.00 NNW   73591 318       0        
3    629  35.568145 129.345443 5732 07/06/2020 06:27:04 5749 0.10   34.84  0.80  NE    9157     331.00 NNW   73931 318       0        
3    629  35.568145 129.345443 6805 07/06/2020 06:27:04 6822 0.10   34.84  0.80  NE    9157     331.00 NNW   74300 318       0        
3    629  35.568145 129.345443 7888 07/06/2020 06:27:04 7949 0.10   34.84  0.80  NE    9157     331.00 NNW   74820 318       0        
3    629  35.568145 129.345443 9076 07/06/2020 06:27:04 9136 0.10   34.84  0.80  NE    9157     331.00 NNW   75300 318       0        
3    629  35.568145 129.345443 1021 07/06/2020 06:27:04 1023 0.10   34.84  0.80  NE    9157     331.00 NNW   75651 318       0        
3    629  35.568145 129.345443 1128 07/06/2020 06:27:04 1130 0.10   34.84  0.80  NE    9157     331.00 NNW   76002 318       0        
3    629  35.568145 129.345443 1236 07/06/2020 06:27:04 1238 0.10   34.84  0.80  NE    9157     331.00 NNW   76355 318       0        
3    629  35.568145 129.345443 1343 07/06/2020 06:27:04 1345 0.10   34.84  0.80  NE    9157     331.00 NNW   76708 318       0        
3    629  35.568145 129.345443 1451 07/06/2020 06:27:04 1452 0.10   34.84  0.80  NE    9157     331.00 NNW   77061 318       0        
3    629  35.568145 129.345443 1558 07/06/2020 06:27:04 1560 0.10   34.84  0.80  NE    9157     331.00 NNW   77414 318       0        
3    629  35.568145 129.345443 1665 07/06/2020 06:27:04 1667 0.10   34.84  0.80  NE    9157     331.00 NNW   77767 318       0        
3    629  35.568145 129.345443 1773 07/06/2020 06:27:04 1774 0.10   34.84  0.80  NE    9157     331.00 NNW   78120 318       0        
3    629  35.568145 129.345443 1880 07/06/2020 06:27:04 1882 0.10   34.84  0.80  NE    9157     331.00 NNW   78496 318       0        
3    629  35.568145 129.345443 1988 07/06/2020 06:27:04 1995 0.10   34.84  0.80  NE    9157     331.00 NNW   79038 318       0        
3    629  35.568145 129.345443 2107 07/06/2020 06:27:04 2113 0.10   34.84  0.80  NE    9157     331.00 NNW   79532 318       0        
3    629  35.568145 129.345443 2220 07/06/2020 06:27:04 2222 0.10   34.84  0.80  NE    9157     331.00 NNW   79885 318       0        
3    629  35.568145 129.345443 2327 07/06/2020 06:27:04 2329 0.10   34.84  0.80  NE    9157     331.00 NNW   80238 318       0        
3    618  35.568569 129.345855 364  07/06/2020 06:27:28 382  -0.10  178.26 1.28  S     9157     331.00 NNW   80701 320       0        
3    617  35.568584 129.345870 440  07/06/2020 06:27:29 457  -0.10  169.76 1.37  S     9157     331.00 NNW   81164 322       0        
3    617  35.568580 129.345855 514  07/06/2020 06:27:30 533  -0.10  180.72 0.76  S     9157     331.00 NNW   81627 324       0        
3    616  35.568580 129.345840 589  07/06/2020 06:27:31 606  -0.10  185.29 0.70  S     9157     331.00 NNW   82090 326       0        
3    616  35.568576 129.345840 660  07/06/2020 06:27:32 678  -0.10  182.13 1.07  S     9157     331.00 NNW   82553 328       0        
3    615  35.568588 129.345855 736  07/06/2020 06:27:33 754  -0.10  174.44 2.00  S     9157     331.00 NNW   83016 330       0        
3    615  35.568580 129.345840 811  07/06/2020 06:27:34 829  -0.10  166.30 1.56  SSE   9157     331.00 NNW   83518 332       0        
3    614  35.568561 129.345825 915  07/06/2020 06:27:36 95   -0.10  213.56 7.26  SSW   9157     331.00 NNW   84186 336       0        
3    613  35.568416 129.345718 115  07/06/2020 06:27:37 174  0.00   212.24 3.22  SSW   9157     331.00 NNW   84824 338       0        
3    613  35.568416 129.345718 1293 07/06/2020 06:27:37 1311 0.00   212.24 3.22  SSW   9157     331.00 NNW   85225 338       0        
3    613  35.568416 129.345718 2366 07/06/2020 06:27:37 2384 0.00   212.24 3.22  SSW   9157     331.00 NNW   85578 338       0        
3    613  35.568416 129.345718 3440 07/06/2020 06:27:37 3458 0.00   212.24 3.22  SSW   9157     331.00 NNW   85933 338       0        
3    613  35.568416 129.345718 4514 07/06/2020 06:27:37 4532 0.00   212.24 3.22  SSW   9157     331.00 NNW   86288 338       0        
3    613  35.568416 129.345718 5588 07/06/2020 06:27:37 5606 0.00   212.24 3.22  SSW   9157     331.00 NNW   86643 338       0        
3    613  35.568416 129.345718 6662 07/06/2020 06:27:37 6680 0.00   212.24 3.22  SSW   9157     331.00 NNW   87011 338       0        
3    610  35.568336 129.345611 741  07/06/2020 06:27:44 759  0.00   210.40 2.56  SSW   9157     331.00 NNW   87488 340       0        
3    610  35.568302 129.345596 812  07/06/2020 06:27:45 829  0.00   211.46 2.48  SSW   9157     331.00 NNW   87994 342       0        
3    609  35.568279 129.345565 913  07/06/2020 06:27:47 93   0.00   212.93 1.54  SSW   9157     331.00 NNW   88683 346       0        
3    608  35.568286 129.345565 116  07/06/2020 06:27:48 175  0.00   213.53 1.22  SSW   9157     331.00 NNW   89338 348       0        
3    608  35.568283 129.345565 299  07/06/2020 06:27:49 359  0.00   214.00 2.43  SW    9157     331.00 NNW   89873 350       0        
3    607  35.568279 129.345550 383  07/06/2020 06:27:50 400  0.00   218.18 3.94  SW    9157     331.00 NNW   90350 352       0        
3    607  35.568294 129.345565 460  07/06/2020 06:27:51 479  0.00   218.85 2.89  SW    9157     331.00 NNW   90827 354       0        
3    606  35.568298 129.345565 534  07/06/2020 06:27:52 552  0.00   219.46 3.04  SW    9157     331.00 NNW   91304 356       0        
3    606  35.568309 129.345565 610  07/06/2020 06:27:53 629  0.00   219.80 2.78  SW    9157     331.00 NNW   91781 358       0        
3    606  35.568328 129.345581 684  07/06/2020 06:27:54 702  0.00   219.20 1.13  SW    9157     331.00 NNW   92258 360       0        
3    605  35.568347 129.345611 770  07/06/2020 06:27:55 790  0.00   219.20 0.09  SW    9157     331.00 NNW   92723 362       0        
3    605  35.568344 129.345596 833  07/06/2020 06:27:56 851  0.00   219.14 2.07  SW    9157     331.00 NNW   93302 365       0        
3    604  35.568370 129.345626 88   07/06/2020 06:27:58 166  0.00   217.27 1.24  SW    9157     331.00 NNW   93974 368       0        
3    603  35.568378 129.345626 173  07/06/2020 06:27:59 233  0.00   211.32 0.83  SSW   9157     331.00 NNW   94627 370       0        
3    603  35.568374 129.345626 344  07/06/2020 06:28:00 362  0.00   210.92 0.96  SSW   9157     331.00 NNW   95108 372       0        
3    602  35.568363 129.345611 419  07/06/2020 06:28:01 438  0.00   212.13 2.17  SSW   9157     331.00 NNW   95585 374       0        
3    602  35.568374 129.345626 494  07/06/2020 06:28:02 511  0.00   205.22 1.67  SSW   9157     331.00 NNW   96062 376       0        
3    601  35.568367 129.345626 568  07/06/2020 06:28:03 585  0.00   201.98 0.78  SSW   9157     331.00 NNW   96539 378       0        
3    601  35.568367 129.345626 642  07/06/2020 06:28:04 660  0.00   195.06 0.87  SSW   9157     331.00 NNW   97016 380       0        
3    601  35.568370 129.345626 717  07/06/2020 06:28:05 734  0.00   183.86 0.63  S     9157     331.00 NNW   97493 382       0        
3    600  35.568378 129.345642 791  07/06/2020 06:28:06 809  0.00   174.71 1.09  S     9157     331.00 NNW   97970 384       0        
3    600  35.568374 129.345642 873  07/06/2020 06:28:08 73   0.00   158.24 1.59  SSE   9157     331.00 NNW   98669 388       0        
3    599  35.568416 129.345672 97   07/06/2020 06:28:09 156  0.00   50.20  5.82  NE    9157     331.00 NNW   99322 390       0        
3    598  35.568416 129.345672 282  07/06/2020 06:28:10 341  0.00   45.30  5.17  NE    9157     331.00 NNW   99874 392       0        
3    598  35.568408 129.345672 372  07/06/2020 06:28:11 391  0.00   44.77  3.56  NE    9157     331.00 NNW   10034 394       0        
3    597  35.568382 129.345642 443  07/06/2020 06:28:12 460  0.00   38.89  0.80  NE    9157     331.00 NNW   10082 396       0        
3    597  35.568359 129.345626 518  07/06/2020 06:28:13 536  0.00   28.61  2.39  NNE   9157     331.00 NNW   10129 398       0        
3    597  35.568344 129.345611 594  07/06/2020 06:28:14 612  0.00   18.77  3.24  NNE   9157     331.00 NNW   10177 400       0        
3    596  35.568344 129.345596 671  07/06/2020 06:28:15 690  0.00   9.27   1.81  N     9157     331.00 NNW   10224 402       0        
3    596  35.568351 129.345611 746  07/06/2020 06:28:16 764  0.00   9.42   0.72  N     9157     331.00 NNW   10272 404       0        
3    595  35.568351 129.345611 820  07/06/2020 06:28:17 839  0.00   9.61   0.61  N     9157     331.00 NNW   10326 407       0        
3    595  35.568370 129.345642 56   07/06/2020 06:28:19 127  0.00   10.33  0.33  N     9157     331.00 NNW   10393 410       0        
3    594  35.568389 129.345657 141  07/06/2020 06:28:20 202  -0.10  11.13  1.26  N     9157     331.00 NNW   10457 412       0        
3    593  35.568412 129.345687 326  07/06/2020 06:28:21 360  -0.10  12.03  3.07  NNE   9157     331.00 NNW   10508 414       0        
3    593  35.568420 129.345703 392  07/06/2020 06:28:22 410  -0.10  13.42  2.35  NNE   9157     331.00 NNW   10556 416       0        
3    593  35.568443 129.345733 471  07/06/2020 06:28:23 489  -0.10  14.53  2.91  NNE   9157     331.00 NNW   10603 418       0        
3    592  35.568454 129.345733 545  07/06/2020 06:28:24 563  -0.10  16.30  3.04  NNE   9157     331.00 NNW   10651 420       0        
3    592  35.568447 129.345733 620  07/06/2020 06:28:25 639  -0.10  17.51  2.22  NNE   9157     331.00 NNW   10698 422       0        
3    591  35.568481 129.345764 695  07/06/2020 06:28:26 713  -0.10  19.17  2.96  NNE   9157     331.00 NNW   10746 424       0        
3    591  35.568496 129.345779 770  07/06/2020 06:28:27 787  -0.10  20.46  3.32  NNE   9157     331.00 NNW   10793 426       0        
3    590  35.568496 129.345779 844  07/06/2020 06:28:28 862  -0.10  21.26  3.22  NNE   9157     331.00 NNW   10852 429       0        
3    590  35.568473 129.345764 96   07/06/2020 06:28:30 175  -0.10  25.10  1.39  NNE   9157     331.00 NNW   10919 432       0        
3    589  35.568473 129.345764 186  07/06/2020 06:28:31 248  -0.10  24.20  1.20  NNE   9157     331.00 NNW   10985 434       0        
3    589  35.568481 129.345764 345  07/06/2020 06:28:32 363  -0.10  22.79  0.87  NNE   9157     331.00 NNW   11033 436       0        
3    588  35.568489 129.345764 418  07/06/2020 06:28:33 435  -0.10  24.64  2.15  NNE   9157     331.00 NNW   11081 438       0        
3    588  35.568496 129.345779 494  07/06/2020 06:28:34 512  -0.10  25.35  3.15  NNE   9157     331.00 NNW   11128 440       0        
3    587  35.568504 129.345779 567  07/06/2020 06:28:35 586  -0.10  26.24  2.76  NNE   9157     331.00 NNW   11176 442       0        
3    587  35.568511 129.345794 642  07/06/2020 06:28:36 660  -0.10  27.15  2.80  NNE   9157     331.00 NNW   11224 444       0        
3    587  35.568519 129.345809 713  07/06/2020 06:28:37 731  -0.10  28.05  3.15  NNE   9157     331.00 NNW   11272 446       0        
3    586  35.568527 129.345809 790  07/06/2020 06:28:38 808  -0.10  28.53  2.91  NNE   9157     331.00 NNW   11320 448       0        
3    586  35.568538 129.345825 870  07/06/2020 06:28:40 66   -0.10  29.55  2.78  NNE   9157     331.00 NNW   11389 452       0        
3    585  35.568557 129.345840 93   07/06/2020 06:28:41 150  -0.10  29.88  2.52  NNE   9157     331.00 NNW   11454 454       0        
3    584  35.568550 129.345825 270  07/06/2020 06:28:42 328  -0.10  29.58  1.65  NNE   9157     331.00 NNW   11511 456       0        
3    584  35.568550 129.345825 365  07/06/2020 06:28:43 383  -0.10  29.03  1.69  NNE   9157     331.00 NNW   11559 458       0        
3    584  35.568550 129.345840 444  07/06/2020 06:28:44 462  -0.10  32.04  2.76  NNE   9157     331.00 NNW   11606 460       0        
3    583  35.568557 129.345840 519  07/06/2020 06:28:45 536  -0.10  32.13  2.24  NNE   9157     331.00 NNW   11654 462       0        
3    583  35.568527 129.345809 595  07/06/2020 06:28:46 612  -0.10  43.11  1.91  NE    9157     331.00 NNW   11702 464       0        
3    582  35.568508 129.345794 672  07/06/2020 06:28:47 691  -0.10  53.19  3.52  NE    9157     331.00 NNW   11750 466       0        
3    582  35.568504 129.345794 747  07/06/2020 06:28:48 764  -0.10  64.36  3.35  ENE   9157     331.00 NNW   11797 468       0        
3    581  35.568511 129.345794 817  07/06/2020 06:28:49 835  -0.10  74.03  2.30  ENE   9157     331.00 NNW   11852 470       0        
3    581  35.568542 129.345825 58   07/06/2020 06:28:51 122  -0.10  80.00  2.15  E     9157     331.00 NNW   11919 474       0        
3    580  35.568550 129.345825 141  07/06/2020 06:28:52 201  -0.10  77.02  1.91  ENE   9157     331.00 NNW   11984 476       0        
3    580  35.568538 129.345825 326  07/06/2020 06:28:53 358  -0.10  88.11  0.43  E     9157     331.00 NNW   12035 478       0        
3    579  35.568550 129.345825 399  07/06/2020 06:28:54 417  -0.10  82.99  1.00  E     9157     331.00 NNW   12082 480       0        
3    579  35.568572 129.345840 475  07/06/2020 06:28:55 492  -0.10  80.54  2.48  E     9157     331.00 NNW   12129 482       0        
3    578  35.568592 129.345855 547  07/06/2020 06:28:56 565  -0.10  356.62 4.04  N     9157     331.00 NNW   12177 484       0        
3    578  35.568523 129.345779 622  07/06/2020 06:28:57 639  -0.10  250.38 6.57  WSW   9157     331.00 NNW   12224 486       0        
3    578  35.568511 129.345779 697  07/06/2020 06:28:58 714  -0.10  225.60 6.02  SW    9157     331.00 NNW   12272 488       0        
3    577  35.568496 129.345764 770  07/06/2020 06:28:59 788  -0.10  217.09 6.70  SW    9157     331.00 NNW   12319 490       0        
3    577  35.568489 129.345748 845  07/06/2020 06:29:00 920  -0.10  224.61 4.91  SW    9157     331.00 NNW   12386 494       0        
3    576  35.568504 129.345764 67   07/06/2020 06:29:02 127  -0.10  205.99 4.32  SSW   9157     331.00 NNW   12451 496       0        
3    576  35.568519 129.345764 252  07/06/2020 06:29:03 314  -0.10  267.09 4.19  W     9157     331.00 NNW   12509 498       0        
3    575  35.568534 129.345779 346  07/06/2020 06:29:04 363  -0.10  265.34 1.20  W     9157     331.00 NNW   12556 500       0        
3    575  35.568538 129.345779 419  07/06/2020 06:29:05 436  -0.10  267.00 2.52  W     9157     331.00 NNW   12603 502       0        
3    574  35.568531 129.345779 495  07/06/2020 06:29:06 514  -0.10  261.40 1.13  W     9157     331.00 NNW   12651 504       0        
3    574  35.568504 129.345733 569  07/06/2020 06:29:07 587  -0.10  253.11 4.30  WSW   9157     331.00 NNW   12698 506       0        
3    573  35.568523 129.345733 641  07/06/2020 06:29:08 660  -0.10  298.46 8.17  WNW   9157     331.00 NNW   12745 508       0        
3    573  35.568504 129.345718 716  07/06/2020 06:29:09 734  -0.10  294.78 2.89  WNW   9157     331.00 NNW   12792 510       0        
3    573  35.568489 129.345733 791  07/06/2020 06:29:10 809  -0.10  150.25 6.07  SSE   9157     331.00 NNW   12839 512       0        
3    572  35.568489 129.345764 871  07/06/2020 06:29:12 73   -0.10  136.18 3.46  SE    9157     331.00 NNW   12909 516       0        
3    571  35.568454 129.345733 92   07/06/2020 06:29:13 153  -0.10  142.07 2.15  SE    9157     331.00 NNW   12973 518       0        
3    571  35.568450 129.345733 282  07/06/2020 06:29:14 341  -0.10  149.25 2.67  SSE   9157     331.00 NNW   13028 520       0        
3    571  35.568492 129.345733 371  07/06/2020 06:29:15 391  -0.10  310.74 9.04  NW    9157     331.00 NNW   13075 522       0        
3    570  35.568531 129.345733 445  07/06/2020 06:29:16 465  -0.10  328.94 9.70  NNW   9157     331.00 NNW   13123 524       0        
3    570  35.568527 129.345748 524  07/06/2020 06:29:17 541  -0.10  25.82  4.00  NNE   9157     331.00 NNW   13170 526       0        
3    569  35.568511 129.345733 597  07/06/2020 06:29:18 615  -0.10  27.16  2.06  NNE   9157     331.00 NNW   13217 528       0        
3    569  35.568500 129.345718 671  07/06/2020 06:29:19 688  -0.10  22.95  2.65  NNE   9157     331.00 NNW   13264 530       0        
3    569  35.568496 129.345718 745  07/06/2020 06:29:20 764  -0.10  26.96  0.80  NNE   9157     331.00 NNW   13311 532       0        
3    568  35.568489 129.345718 814  07/06/2020 06:29:21 832  -0.10  32.84  0.81  NNE   9157     331.00 NNW   13365 535       0        
3    568  35.568504 129.345748 61   07/06/2020 06:29:23 123  -0.10  39.93  3.28  NE    9157     331.00 NNW   13431 538       0        
3    567  35.568511 129.345748 145  07/06/2020 06:29:24 205  -0.10  37.71  3.50  NE    9157     331.00 NNW   13496 540       0        
3    566  35.568511 129.345764 330  07/06/2020 06:29:25 355  -0.10  38.62  3.22  NE    9157     331.00 NNW   13546 542       0        
3    566  35.568515 129.345764 399  07/06/2020 06:29:26 417  -0.10  353.26 3.98  N     9157     331.00 NNW   13593 544       0        
3    566  35.568531 129.345779 476  07/06/2020 06:29:27 494  -0.10  46.71  4.93  NE    9157     331.00 NNW   13640 546       0        
3    565  35.568531 129.345779 549  07/06/2020 06:29:28 566  -0.10  38.05  4.87  NE    9157     331.00 NNW   13687 548       0        
3    565  35.568527 129.345779 625  07/06/2020 06:29:29 643  -0.10  29.86  5.32  NNE   9157     331.00 NNW   13733 550       0        
