Sats HDOP Latitude  Longitude  Fix  Date       Time     Date Alt    Course Speed Card  Distance Course Card  Chars Sentences Checksum
          (deg)     (deg)      Age                      Age  (m)    --- from GPS ----  ---- to London  ----  RX    RX        Fail
-------------------------------------------------------------------------------------------------------------------------------------
8    119  35.567111 129.351867 521  07/07/2020 04:44:53 538  15.50  0.00   0.00  N     9157     331.01 NNW   456   2         0        
8    119  35.567111 129.351867 595  07/07/2020 04:44:54 613  15.50  0.00   0.00  N     9157     331.01 NNW   912   4         0        
8    119  35.567111 129.351867 668  07/07/2020 04:44:55 686  15.60  0.00   0.00  N     9157     331.01 NNW   1368  6         0        
8    119  35.567111 129.351867 742  07/07/2020 04:44:56 761  15.60  0.00   0.02  N     9157     331.01 NNW   1824  8         0        
8    119  35.567111 129.351867 818  07/07/2020 04:44:57 835  15.60  0.00   0.00  N     9157     331.01 NNW   2287  10        0        
8    119  35.567111 129.351867 914  07/07/2020 04:44:59 82   15.50  0.00   0.02  N     9157     331.01 NNW   2965  14        0        
8    119  35.567111 129.351867 116  07/07/2020 04:45:00 177  15.60  0.00   0.04  N     9157     331.01 NNW   3599  16        0        
8    119  35.567111 129.351867 297  07/07/2020 04:45:01 349  15.70  0.00   0.04  N     9157     331.01 NNW   4104  18        0        
8    119  35.567111 129.351867 378  07/07/2020 04:45:02 395  15.60  0.00   0.02  N     9157     331.01 NNW   4560  20        0        
8    119  35.567111 129.351867 454  07/07/2020 04:45:03 472  15.70  0.00   0.04  N     9157     331.01 NNW   5016  22        0        
8    119  35.567111 129.351867 528  07/07/2020 04:45:04 545  15.60  0.00   0.04  N     9157     331.01 NNW   5472  24        0        
8    119  35.567111 129.351867 604  07/07/2020 04:45:05 621  15.50  0.00   0.04  N     9157     331.01 NNW   5928  26        0        
8    119  35.567111 129.351867 676  07/07/2020 04:45:06 695  15.40  0.00   0.04  N     9157     331.01 NNW   6384  28        0        
8    119  35.567108 129.351867 752  07/07/2020 04:45:07 770  15.30  0.00   0.02  N     9157     331.01 NNW   6840  30        0        
8    119  35.567108 129.351867 826  07/07/2020 04:45:08 845  15.30  0.00   0.00  N     9157     331.01 NNW   7352  32        0        
8    119  35.567111 129.351867 40   07/07/2020 04:45:10 102  15.30  0.00   0.02  N     9157     331.01 NNW   8002  36        0        
8    119  35.567111 129.351867 135  07/07/2020 04:45:11 196  15.30  0.00   0.00  N     9157     331.01 NNW   8634  38        0        
8    119  35.567111 129.351867 318  07/07/2020 04:45:12 349  15.40  0.00   0.02  N     9157     331.01 NNW   9122  40        0        
8    119  35.567111 129.351867 388  07/07/2020 04:45:13 406  15.50  0.00   0.02  N     9157     331.01 NNW   9578  42        0        
8    119  35.567111 129.351867 464  07/07/2020 04:45:14 482  15.60  0.00   0.00  N     9157     331.01 NNW   10034 44        0        
8    119  35.567111 129.351867 538  07/07/2020 04:45:15 557  15.50  0.00   0.02  N     9157     331.01 NNW   10490 46        0        
8    119  35.567111 129.351867 614  07/07/2020 04:45:16 631  15.50  0.00   0.11  N     9157     331.01 NNW   10946 48        0        
8    119  35.567111 129.351867 687  07/07/2020 04:45:17 705  15.50  0.00   0.09  N     9157     331.01 NNW   11402 50        0        
8    119  35.567111 129.351867 761  07/07/2020 04:45:18 780  15.60  0.00   0.02  N     9157     331.01 NNW   11854 52        1        
8    119  35.567111 129.351867 825  07/07/2020 04:45:19 843  15.60  19.44  1.39  NNE   9157     331.01 NNW   12393 55        1        
8    119  35.567100 129.351867 66   07/07/2020 04:45:21 137  15.60  37.72  3.35  NE    9157     331.01 NNW   13054 58        1        
8    119  35.567096 129.351867 152  07/07/2020 04:45:22 213  15.50  44.76  1.26  NE    9157     331.01 NNW   13699 60        1        
8    119  35.567092 129.351867 336  07/07/2020 04:45:23 354  15.60  44.76  0.13  NE    9157     331.01 NNW   14166 62        1        
8    119  35.567092 129.351867 405  07/07/2020 04:45:24 424  15.50  41.80  0.74  NE    9157     331.01 NNW   14632 64        1        
8    119  35.567092 129.351867 483  07/07/2020 04:45:25 500  15.50  46.35  1.09  NE    9157     331.01 NNW   15098 66        1        
8    119  35.567089 129.351867 558  07/07/2020 04:45:26 576  15.50  53.52  1.54  NE    9157     331.01 NNW   15564 68        1        
8    119  35.567089 129.351867 643  07/07/2020 04:45:27 661  15.50  53.52  0.30  NE    9157     331.01 NNW   16020 70        1        
8    119  35.567096 129.351867 706  07/07/2020 04:45:28 723  15.50  46.37  1.35  NE    9157     331.01 NNW   16486 72        1        
8    119  35.567096 129.351867 781  07/07/2020 04:45:29 799  15.50  55.08  0.44  NE    9157     331.01 NNW   16952 74        1        
8    119  35.567092 129.351867 862  07/07/2020 04:45:31 47   15.40  68.85  0.43  ENE   9157     331.01 NNW   17627 78        1        
8    119  35.567085 129.351867 88   07/07/2020 04:45:32 107  15.40  68.85  0.22  ENE   9157     331.01 NNW   18176 80        1        
8    119  35.567085 129.351867 196  07/07/2020 04:45:33 256  15.40  66.70  1.72  ENE   9157     331.01 NNW   18782 82        1        
8    119  35.567085 129.351882 334  07/07/2020 04:45:34 353  15.30  65.33  1.06  ENE   9157     331.01 NNW   19248 84        1        
8    120  35.567089 129.351882 409  07/07/2020 04:45:35 427  15.30  70.68  0.35  ENE   9157     331.01 NNW   19714 86        1        
8    120  35.567096 129.351882 482  07/07/2020 04:45:36 501  15.30  77.53  1.44  ENE   9157     331.01 NNW   20180 88        1        
8    120  35.567092 129.351882 568  07/07/2020 04:45:37 587  15.30  77.53  0.19  ENE   9157     331.01 NNW   20636 90        1        
8    120  35.567096 129.351882 644  07/07/2020 04:45:38 662  15.20  77.53  0.20  ENE   9157     331.01 NNW   21092 92        1        
8    120  35.567096 129.351882 709  07/07/2020 04:45:39 727  15.20  72.28  1.83  ENE   9157     331.01 NNW   21558 94        1        
8    120  35.567104 129.351882 782  07/07/2020 04:45:40 801  15.20  67.39  1.59  ENE   9157     331.01 NNW   22024 96        1        
8    120  35.567108 129.351882 861  07/07/2020 04:45:42 47   15.20  64.06  0.69  ENE   9157     331.01 NNW   22699 100       1        
8    120  35.567119 129.351882 85   07/07/2020 04:45:43 145  15.20  63.15  2.07  ENE   9157     331.01 NNW   23345 102       1        
8    120  35.567119 129.351882 272  07/07/2020 04:45:44 331  15.20  64.87  0.44  ENE   9157     331.01 NNW   23888 104       1        
8    120  35.567123 129.351882 362  07/07/2020 04:45:45 379  15.20  62.90  3.00  ENE   9157     331.01 NNW   24354 106       1        
8    120  35.567127 129.351882 436  07/07/2020 04:45:46 456  15.10  59.24  2.06  ENE   9157     331.01 NNW   24820 108       1        
8    120  35.567131 129.351882 511  07/07/2020 04:45:47 529  15.10  56.11  1.57  NE    9157     331.01 NNW   25286 110       1        
8    120  35.567134 129.351882 586  07/07/2020 04:45:48 604  15.10  51.14  2.48  NE    9157     331.01 NNW   25752 112       1        
8    120  35.567157 129.351867 658  07/07/2020 04:45:49 676  15.10  320.43 12.82 NW    9157     331.01 NNW   26221 114       1        
8    123  35.567180 129.351821 735  07/07/2020 04:45:50 753  15.10  304.77 15.59 NW    9157     331.01 NNW   26690 116       1        
6    170  35.567218 129.351806 812  07/07/2020 04:45:51 831  15.10  338.85 15.28 NNW   9157     331.01 NNW   27224 118       1        
5    170  35.567253 129.351791 54   07/07/2020 04:45:53 119  15.10  339.41 10.93 NNW   9157     331.01 NNW   27878 122       1        
8    158  35.567245 129.351791 138  07/07/2020 04:45:54 198  15.10  345.25 10.24 NNW   9157     331.01 NNW   28521 124       1        
8    149  35.567211 129.351806 325  07/07/2020 04:45:55 351  15.10  16.32  12.65 NNE   9157     331.01 NNW   29012 126       1        
8    120  35.567222 129.351821 398  07/07/2020 04:45:56 415  15.00  25.29  12.72 NNE   9157     331.01 NNW   29479 128       1        
8    120  35.567230 129.351821 474  07/07/2020 04:45:57 491  15.10  25.79  6.57  NNE   9157     331.01 NNW   29945 130       1        
8    120  35.567237 129.351821 548  07/07/2020 04:45:58 568  15.10  24.66  1.96  NNE   9157     331.01 NNW   30411 132       1        
8    120  35.567241 129.351821 622  07/07/2020 04:45:59 640  15.10  22.92  2.83  NNE   9157     331.01 NNW   30877 134       1        
8    120  35.567237 129.351806 694  07/07/2020 04:46:00 712  15.10  21.20  3.50  NNE   9157     331.01 NNW   31343 136       1        
8    120  35.567241 129.351806 770  07/07/2020 04:46:01 787  15.10  20.65  3.24  NNE   9157     331.01 NNW   31809 138       1        
8    120  35.567241 129.351806 845  07/07/2020 04:46:02 863  15.10  20.93  2.94  NNE   9157     331.01 NNW   32413 141       1        
8    120  35.567245 129.351806 141  07/07/2020 04:46:04 84   15.20  316.26 6.57  NW    9157     331.01 NNW   33074 144       1        
8    120  35.567237 129.351806 210  07/07/2020 04:46:05 271  15.20  318.50 7.00  NW    9157     331.01 NNW   33677 146       1        
8    120  35.567245 129.351806 336  07/07/2020 04:46:06 354  15.20  331.78 5.56  NNW   9157     331.01 NNW   34145 148       1        
8    120  35.567249 129.351791 410  07/07/2020 04:46:07 428  15.30  332.59 3.19  NNW   9157     331.01 NNW   34613 150       1        
8    120  35.567230 129.351791 485  07/07/2020 04:46:08 504  15.40  332.11 0.87  NNW   9157     331.01 NNW   35081 152       1        
8    120  35.567230 129.351791 559  07/07/2020 04:46:09 579  15.40  323.80 0.57  NW    9157     331.01 NNW   35549 154       1        
8    120  35.567237 129.351791 634  07/07/2020 04:46:10 652  15.30  326.43 1.93  NNW   9157     331.01 NNW   36017 156       1        
8    120  35.567241 129.351791 706  07/07/2020 04:46:11 723  15.30  328.84 2.00  NNW   9157     331.01 NNW   36485 158       1        
8    120  35.567245 129.351791 783  07/07/2020 04:46:12 802  15.30  330.38 2.72  NNW   9157     331.01 NNW   36953 160       1        
8    120  35.567253 129.351791 866  07/07/2020 04:46:14 63   15.20  334.72 2.24  NNW   9157     331.01 NNW   37635 164       1        
8    120  35.567260 129.351806 88   07/07/2020 04:46:15 149  15.10  336.45 2.09  NNW   9157     331.01 NNW   38284 166       1        
8    120  35.567268 129.351806 277  07/07/2020 04:46:16 337  15.10  339.57 0.43  NNW   9157     331.01 NNW   38825 168       1        
8    120  35.567268 129.351806 365  07/07/2020 04:46:17 383  15.00  348.15 0.72  NNW   9157     331.01 NNW   39293 170       1        
8    120  35.567268 129.351806 442  07/07/2020 04:46:18 459  14.90  350.35 0.72  N     9157     331.01 NNW   39761 172       1        
8    120  35.567272 129.351806 514  07/07/2020 04:46:19 532  14.90  350.71 2.74  N     9157     331.01 NNW   40229 174       1        
8    120  35.567272 129.351806 590  07/07/2020 04:46:20 607  14.90  350.14 2.93  N     9157     331.01 NNW   40697 176       1        
8    120  35.567276 129.351806 664  07/07/2020 04:46:21 683  14.80  350.71 2.69  N     9157     331.01 NNW   41165 178       1        
8    120  35.567283 129.351821 740  07/07/2020 04:46:22 758  14.80  350.94 3.04  N     9157     331.01 NNW   41633 180       1        
8    120  35.567287 129.351806 804  07/07/2020 04:46:23 823  14.80  347.58 3.65  NNW   9157     331.01 NNW   42129 182       1        
8    120  35.567298 129.351806 913  07/07/2020 04:46:25 97   14.80  344.42 3.33  NNW   9157     331.01 NNW   42816 186       1        
8    120  35.567314 129.351806 121  07/07/2020 04:46:26 180  14.70  343.75 1.28  NNW   9157     331.01 NNW   43464 188       1        
8    120  35.567325 129.351806 309  07/07/2020 04:46:27 349  14.60  343.99 3.30  NNW   9157     331.01 NNW   43973 190       1        
8    120  35.567333 129.351806 387  07/07/2020 04:46:28 405  14.60  344.56 2.41  NNW   9157     331.01 NNW   44441 192       1        
8    120  35.567340 129.351806 460  07/07/2020 04:46:29 477  14.60  345.49 2.24  NNW   9157     331.01 NNW   44909 194       1        
8    120  35.567352 129.351806 535  07/07/2020 04:46:30 553  14.60  346.98 1.76  NNW   9157     331.01 NNW   45377 196       1        
8    120  35.567359 129.351806 609  07/07/2020 04:46:31 627  14.60  347.96 2.17  NNW   9157     331.01 NNW   45845 198       1        
8    120  35.567367 129.351806 685  07/07/2020 04:46:32 702  14.60  348.00 4.43  NNW   9157     331.01 NNW   46313 200       1        
8    120  35.567375 129.351791 758  07/07/2020 04:46:33 777  14.60  348.86 6.09  N     9157     331.01 NNW   46781 202       1        
8    120  35.567386 129.351791 834  07/07/2020 04:46:34 851  14.60  346.38 5.50  NNW   9157     331.01 NNW   47351 205       1        
8    120  35.567413 129.351791 89   07/07/2020 04:46:36 169  14.60  350.46 4.56  N     9157     331.01 NNW   48016 208       1        
8    120  35.567424 129.351791 175  07/07/2020 04:46:37 235  14.50  350.11 3.13  N     9157     331.01 NNW   48653 210       1        
8    120  35.567432 129.351791 336  07/07/2020 04:46:38 355  14.50  336.55 4.19  NNW   9157     331.01 NNW   49121 212       1        
8    120  35.567440 129.351776 410  07/07/2020 04:46:39 428  14.50  335.84 2.07  NNW   9157     331.01 NNW   49589 214       1        
8    120  35.567447 129.351776 485  07/07/2020 04:46:40 504  14.40  334.88 1.00  NNW   9157     331.01 NNW   50057 216       1        
8    120  35.567455 129.351760 556  07/07/2020 04:46:41 574  14.40  335.14 2.39  NNW   9157     331.01 NNW   50525 218       1        
8    120  35.567466 129.351760 633  07/07/2020 04:46:42 651  14.40  334.04 1.67  NNW   9157     331.01 NNW   50993 220       1        
8    120  35.567474 129.351760 707  07/07/2020 04:46:43 725  14.30  333.70 1.98  NNW   9157     331.01 NNW   51461 222       1        
8    120  35.567485 129.351760 784  07/07/2020 04:46:44 802  14.30  334.23 3.50  NNW   9157     331.01 NNW   51929 224       1        
8    120  35.567493 129.351745 866  07/07/2020 04:46:46 62   14.30  336.95 1.41  NNW   9157     331.01 NNW   52612 228       1        
8    120  35.567516 129.351745 84   07/07/2020 04:46:47 144  14.30  337.73 3.19  NNW   9157     331.01 NNW   53256 230       1        
8    120  35.567523 129.351745 275  07/07/2020 04:46:48 334  14.30  343.28 3.67  NNW   9157     331.01 NNW   53823 232       1        
8    120  35.567535 129.351745 367  07/07/2020 04:46:49 384  14.30  343.44 2.65  NNW   9157     331.01 NNW   54302 234       1        
8    120  35.567543 129.351745 439  07/07/2020 04:46:50 458  14.30  343.50 1.91  NNW   9157     331.01 NNW   54781 236       1        
8    120  35.567550 129.351745 516  07/07/2020 04:46:51 533  14.30  343.98 2.78  NNW   9157     331.01 NNW   55260 238       1        
8    120  35.567562 129.351730 590  07/07/2020 04:46:52 609  14.30  344.31 1.65  NNW   9157     331.01 NNW   55741 240       1        
8    120  35.567573 129.351730 665  07/07/2020 04:46:53 683  14.30  344.59 1.94  NNW   9157     331.01 NNW   56222 242       1        
8    120  35.567581 129.351730 740  07/07/2020 04:46:54 757  14.30  344.60 2.69  NNW   9157     331.01 NNW   56703 244       1        
8    120  35.567592 129.351730 812  07/07/2020 04:46:55 830  14.30  344.55 2.15  NNW   9157     331.01 NNW   57213 246       1        
8    120  35.567600 129.351730 914  07/07/2020 04:46:57 96   14.30  338.95 4.52  NNW   9157     331.01 NNW   57909 250       1        
8    120  35.567626 129.351715 118  07/07/2020 04:46:58 180  14.20  337.86 4.30  NNW   9157     331.01 NNW   58571 252       1        
8    120  35.567638 129.351715 308  07/07/2020 04:46:59 361  14.20  343.49 4.98  NNW   9157     331.01 NNW   59106 254       1        
8    120  35.567653 129.351699 387  07/07/2020 04:47:00 405  14.20  344.47 1.74  NNW   9157     331.01 NNW   59585 256       1        
8    120  35.567665 129.351699 462  07/07/2020 04:47:01 480  14.20  351.35 0.85  N     9157     331.01 NNW   60064 258       1        
8    120  35.567676 129.351699 539  07/07/2020 04:47:02 558  14.20  2.54   0.89  N     9157     331.01 NNW   60539 260       1        
8    120  35.567684 129.351699 616  07/07/2020 04:47:03 634  14.10  1.56   0.76  N     9157     331.01 NNW   61014 262       1        
8    120  35.567687 129.351699 690  07/07/2020 04:47:04 707  14.20  0.43   3.46  N     9157     331.01 NNW   61489 264       1        
8    120  35.567699 129.351684 760  07/07/2020 04:47:05 778  14.20  343.32 6.57  NNW   9157     331.01 NNW   61968 266       1        
8    120  35.567710 129.351684 834  07/07/2020 04:47:06 852  14.20  342.81 5.83  NNW   9157     331.01 NNW   62550 269       1        
8    120  35.567737 129.351684 90   07/07/2020 04:47:08 169  14.20  347.25 2.54  NNW   9157     331.01 NNW   63226 272       1        
8    120  35.567745 129.351669 175  07/07/2020 04:47:09 237  14.20  331.39 4.26  NNW   9157     331.01 NNW   63884 274       1        
8    120  35.567745 129.351669 346  07/07/2020 04:47:10 363  14.20  324.79 6.35  NW    9157     331.01 NNW   64363 276       1        
8    120  35.567749 129.351654 417  07/07/2020 04:47:11 435  14.20  296.77 4.15  WNW   9157     331.01 NNW   64842 278       1        
8    120  35.567752 129.351654 496  07/07/2020 04:47:12 514  14.00  274.72 3.94  W     9157     331.01 NNW   65321 280       1        
8    120  35.567756 129.351638 569  07/07/2020 04:47:13 587  13.90  272.34 4.32  W     9157     331.01 NNW   65800 282       1        
8    120  35.567752 129.351623 642  07/07/2020 04:47:14 660  14.00  271.78 3.56  W     9157     331.01 NNW   66279 284       1        
8    120  35.567752 129.351608 719  07/07/2020 04:47:15 737  14.00  270.81 3.43  W     9157     331.01 NNW   66758 286       1        
8    120  35.567752 129.351593 794  07/07/2020 04:47:16 813  14.00  270.64 4.85  W     9157     331.01 NNW   67239 288       1        
8    120  35.567749 129.351577 884  07/07/2020 04:47:18 75   14.00  263.18 2.93  W     9157     331.00 NNW   67945 292       1        
8    120  35.567745 129.351562 100  07/07/2020 04:47:19 160  13.90  255.58 4.83  WSW   9157     331.00 NNW   68606 294       1        
8    120  35.567737 129.351547 286  07/07/2020 04:47:20 347  13.90  255.79 3.13  WSW   9157     331.00 NNW   69163 296       1        
8    120  35.567733 129.351562 374  07/07/2020 04:47:21 393  13.90  249.83 1.24  WSW   9157     331.00 NNW   69644 298       1        
8    120  35.567722 129.351547 449  07/07/2020 04:47:22 467  13.90  244.62 5.20  WSW   9157     331.00 NNW   70125 300       1        
8    120  35.567707 129.351547 514  07/07/2020 04:47:23 533  13.90  209.04 7.24  SSW   9157     331.00 NNW   70606 302       1        
8    120  35.567695 129.351531 593  07/07/2020 04:47:24 611  13.90  207.51 5.82  SSW   9157     331.00 NNW   71089 304       1        
8    120  35.567695 129.351531 673  07/07/2020 04:47:25 690  13.90  196.30 1.52  SSW   9157     331.00 NNW   71572 306       1        
8    120  35.567684 129.351531 747  07/07/2020 04:47:26 767  13.90  186.24 4.06  S     9157     331.00 NNW   72053 308       1        
8    120  35.567680 129.351516 824  07/07/2020 04:47:27 841  13.90  276.06 8.32  W     9157     331.00 NNW   72616 311       1        
8    121  35.567657 129.351501 70   07/07/2020 04:47:29 140  13.90  221.37 4.78  SW    9157     331.00 NNW   73294 314       1        
8    121  35.567649 129.351501 153  07/07/2020 04:47:30 214  13.90  208.36 5.11  SSW   9157     331.00 NNW   73953 316       1        
8    121  35.567623 129.351501 339  07/07/2020 04:47:31 363  13.80  171.45 6.74  S     9157     331.00 NNW   74458 318       1        
8    121  35.567588 129.351470 408  07/07/2020 04:47:32 425  13.80  223.94 19.93 SW    9157     331.00 NNW   74942 320       1        
8    121  35.567569 129.351440 482  07/07/2020 04:47:33 502  13.80  228.85 11.82 SW    9157     331.00 NNW   75424 322       1        
8    121  35.567554 129.351455 559  07/07/2020 04:47:34 577  13.70  200.94 9.17  SSW   9157     331.00 NNW   75905 324       1        
8    121  35.567539 129.351470 634  07/07/2020 04:47:35 652  13.70  165.52 5.04  SSE   9157     331.00 NNW   76386 326       1        
8    121  35.567523 129.351486 708  07/07/2020 04:47:36 726  13.70  193.75 6.59  SSW   9157     331.00 NNW   76867 328       1        
8    121  35.567512 129.351501 782  07/07/2020 04:47:37 800  13.70  171.21 5.43  S     9157     331.00 NNW   77348 330       1        
8    121  35.567504 129.351501 866  07/07/2020 04:47:39 61   13.60  177.84 4.65  S     9157     331.00 NNW   78042 334       1        
8    121  35.567493 129.351516 87   07/07/2020 04:47:40 147  13.50  176.36 4.33  S     9157     331.00 NNW   78704 336       1        
8    121  35.567489 129.351516 274  07/07/2020 04:47:41 335  13.50  175.13 3.52  S     9157     331.00 NNW   79272 338       1        
8    121  35.567478 129.351531 367  07/07/2020 04:47:42 384  13.50  172.33 4.54  S     9157     331.00 NNW   79753 340       1        
8    121  35.567462 129.351531 440  07/07/2020 04:47:43 459  13.60  178.88 5.74  S     9157     331.00 NNW   80234 342       1        
8    121  35.567443 129.351531 516  07/07/2020 04:47:44 534  13.50  187.43 7.26  S     9157     331.00 NNW   80715 344       1        
8    121  35.567436 129.351531 590  07/07/2020 04:47:45 609  13.60  174.78 5.13  S     9157     331.00 NNW   81196 346       1        
8    121  35.567424 129.351531 665  07/07/2020 04:47:46 683  13.60  178.36 5.69  S     9157     331.00 NNW   81677 348       1        
8    121  35.567409 129.351547 738  07/07/2020 04:47:47 756  13.60  166.68 5.19  SSE   9157     331.01 NNW   82158 350       1        
8    121  35.567401 129.351547 812  07/07/2020 04:47:48 830  13.60  158.34 4.67  SSE   9157     331.01 NNW   82681 352       1        
8    121  35.567390 129.351562 919  07/07/2020 04:47:50 101  13.60  169.45 3.07  S     9157     331.01 NNW   83369 356       1        
8    121  35.567378 129.351562 125  07/07/2020 04:47:51 183  13.60  187.33 3.87  S     9157     331.01 NNW   84031 358       1        
8    121  35.567371 129.351562 309  07/07/2020 04:47:52 363  13.70  176.45 4.46  S     9157     331.01 NNW   84563 360       1        
8    121  35.567363 129.351562 389  07/07/2020 04:47:53 406  13.70  173.86 4.15  S     9157     331.01 NNW   85044 362       1        
8    121  35.567352 129.351562 465  07/07/2020 04:47:54 482  13.70  171.89 4.09  S     9157     331.01 NNW   85525 364       1        
8    121  35.567344 129.351577 540  07/07/2020 04:47:55 559  13.70  165.57 3.82  SSE   9157     331.01 NNW   86006 366       1        
8    121  35.567337 129.351577 614  07/07/2020 04:47:56 631  13.70  167.59 4.35  SSE   9157     331.01 NNW   86487 368       1        
8    121  35.567329 129.351577 687  07/07/2020 04:47:57 705  13.70  174.07 4.52  S     9157     331.01 NNW   86968 370       1        
8    121  35.567310 129.351577 761  07/07/2020 04:47:58 779  13.70  178.65 5.15  S     9157     331.01 NNW   87449 372       1        
8    121  35.567302 129.351577 836  07/07/2020 04:47:59 855  13.80  180.28 3.93  S     9157     331.01 NNW   88037 375       1        
8    121  35.567279 129.351593 90   07/07/2020 04:48:01 170  13.80  176.83 4.98  S     9157     331.01 NNW   88711 378       1        
8    121  35.567264 129.351593 177  07/07/2020 04:48:02 240  13.70  170.91 5.78  S     9157     331.01 NNW   89373 380       1        
8    121  35.567256 129.351593 348  07/07/2020 04:48:03 365  13.80  175.61 3.67  S     9157     331.01 NNW   89854 382       1        
8    121  35.567245 129.351593 422  07/07/2020 04:48:04 440  13.70  174.23 3.46  S     9157     331.01 NNW   90335 384       1        
8    121  35.567237 129.351593 496  07/07/2020 04:48:05 513  13.70  174.88 3.94  S     9157     331.01 NNW   90816 386       1        
8    121  35.567226 129.351593 567  07/07/2020 04:48:06 586  13.70  175.72 3.48  S     9157     331.01 NNW   91297 388       1        
8    121  35.567222 129.351608 642  07/07/2020 04:48:07 660  13.70  175.32 3.39  S     9157     331.01 NNW   91778 390       1        
8    121  35.567211 129.351608 718  07/07/2020 04:48:08 735  13.60  170.39 3.96  S     9157     331.01 NNW   92259 392       1        
8    121  35.567199 129.351623 792  07/07/2020 04:48:09 810  13.60  172.54 3.94  S     9157     331.01 NNW   92740 394       1        
8    121  35.567188 129.351623 876  07/07/2020 04:48:11 74   13.70  165.27 4.20  SSE   9157     331.01 NNW   93445 398       1        
8    168  35.567176 129.351638 98   07/07/2020 04:48:12 158  13.70  164.68 2.85  SSE   9157     331.01 NNW   94107 400       1        
8    121  35.567176 129.351638 284  07/07/2020 04:48:13 343  13.60  162.10 2.67  SSE   9157     331.01 NNW   94664 402       1        
8    121  35.567165 129.351654 377  07/07/2020 04:48:14 396  13.70  141.51 4.57  SE    9157     331.01 NNW   95145 404       1        
8    121  35.567150 129.351654 450  07/07/2020 04:48:15 468  13.70  144.35 4.37  SE    9157     331.01 NNW   95626 406       1        
8    121  35.567146 129.351669 526  07/07/2020 04:48:16 544  13.80  144.29 2.48  SE    9157     331.01 NNW   96107 408       1        
8    121  35.567146 129.351669 598  07/07/2020 04:48:17 616  13.80  143.20 1.83  SE    9157     331.01 NNW   96588 410       1        
8    121  35.567142 129.351669 674  07/07/2020 04:48:18 693  13.80  129.48 3.96  SE    9157     331.01 NNW   97069 412       1        
8    121  35.567138 129.351684 750  07/07/2020 04:48:19 768  13.80  121.17 3.78  ESE   9157     331.01 NNW   97550 414       1        
8    121  35.567134 129.351684 826  07/07/2020 04:48:20 843  13.90  128.17 4.43  SE    9157     331.01 NNW   98124 417       1        
8    121  35.567123 129.351715 78   07/07/2020 04:48:22 156  13.90  118.62 4.32  ESE   9157     331.01 NNW   98801 420       1        
8    121  35.567127 129.351730 157  07/07/2020 04:48:23 220  13.90  97.54  5.57  E     9157     331.01 NNW   99453 422       1        
8    121  35.567123 129.351745 346  07/07/2020 04:48:24 363  14.00  97.36  3.46  E     9157     331.01 NNW   99951 424       1        
8    121  35.567127 129.351760 425  07/07/2020 04:48:25 443  14.00  41.67  5.41  NE    9157     331.01 NNW   10043 426       1        
8    121  35.567138 129.351760 501  07/07/2020 04:48:26 519  14.00  39.36  3.09  NE    9157     331.01 NNW   10090 428       1        
8    121  35.567146 129.351760 576  07/07/2020 04:48:27 593  14.00  38.15  2.33  NE    9157     331.01 NNW   10138 430       1        
8    121  35.567146 129.351760 648  07/07/2020 04:48:28 666  14.00  42.59  2.56  NE    9157     331.01 NNW   10186 432       1        
8    121  35.567150 129.351791 721  07/07/2020 04:48:29 740  14.00  109.27 3.98  ESE   9157     331.01 NNW   10234 434       1        
8    121  35.567150 129.351791 795  07/07/2020 04:48:30 814  14.00  107.59 2.83  ESE   9157     331.01 NNW   10282 436       1        
7    123  35.567150 129.351806 889  07/07/2020 04:48:32 74   14.00  101.25 3.02  ESE   9157     331.01 NNW   10353 440       1        
8    121  35.567176 129.351821 99   07/07/2020 04:48:33 161  14.10  36.37  3.94  NE    9157     331.01 NNW   10419 442       1        
8    121  35.567184 129.351837 289  07/07/2020 04:48:34 349  14.10  32.07  3.91  NNE   9157     331.01 NNW   10474 444       1        
8    121  35.567199 129.351837 379  07/07/2020 04:48:35 398  14.10  18.42  4.15  NNE   9157     331.01 NNW   10522 446       1        
8    121  35.567207 129.351852 455  07/07/2020 04:48:36 472  14.20  20.08  2.70  NNE   9157     331.01 NNW   10570 448       1        
8    121  35.567218 129.351852 528  07/07/2020 04:48:37 546  14.20  32.77  3.74  NNE   9157     331.01 NNW   10618 450       1        
8    121  35.567226 129.351852 603  07/07/2020 04:48:38 621  14.10  32.49  3.06  NNE   9157     331.01 NNW   10666 452       1        
8    121  35.567241 129.351852 678  07/07/2020 04:48:39 696  14.10  30.93  3.37  NNE   9157     331.01 NNW   10714 454       1        
8    121  35.567249 129.351852 753  07/07/2020 04:48:40 771  14.10  28.47  3.06  NNE   9157     331.01 NNW   10762 456       1        
8    121  35.567256 129.351852 827  07/07/2020 04:48:41 847  14.10  27.58  2.54  NNE   9157     331.01 NNW   10819 459       1        
8    121  35.567264 129.351837 82   07/07/2020 04:48:43 161  14.10  22.88  2.22  NNE   9157     331.01 NNW   10887 462       1        
8    121  35.567272 129.351837 171  07/07/2020 04:48:44 232  14.10  20.44  1.89  NNE   9157     331.01 NNW   10953 464       1        
8    121  35.567276 129.351837 346  07/07/2020 04:48:45 365  14.10  17.10  1.63  NNE   9157     331.01 NNW   11001 466       1        
8    121  35.567283 129.351837 422  07/07/2020 04:48:46 440  14.10  13.85  1.78  NNE   9157     331.01 NNW   11049 468       1        
8    121  35.567287 129.351837 496  07/07/2020 04:48:47 515  14.20  13.69  0.37  NNE   9157     331.01 NNW   11097 470       1        
8    121  35.567287 129.351837 572  07/07/2020 04:48:48 589  14.30  6.78   0.37  N     9157     331.01 NNW   11145 472       1        
8    121  35.567287 129.351837 648  07/07/2020 04:48:49 666  14.20  2.54   1.54  N     9157     331.01 NNW   11192 474       1        
8    121  35.567291 129.351837 723  07/07/2020 04:48:50 742  14.20  0.87   1.69  N     9157     331.01 NNW   11240 476       1        
8    121  35.567295 129.351837 804  07/07/2020 04:48:51 822  14.20  0.87   0.19  N     9157     331.01 NNW   11287 478       1        
8    121  35.567295 129.351837 887  07/07/2020 04:48:53 72   14.00  0.87   0.22  N     9157     331.01 NNW   11356 482       1        
8    121  35.567295 129.351837 93   07/07/2020 04:48:54 154  13.90  359.79 2.50  N     9157     331.01 NNW   11421 484       1        
8    121  35.567306 129.351837 282  07/07/2020 04:48:55 341  13.80  342.73 4.02  NNW   9157     331.01 NNW   11477 486       1        
8    121  35.567314 129.351821 373  07/07/2020 04:48:56 390  13.80  342.42 2.74  NNW   9157     331.01 NNW   11525 488       1        
8    121  35.567329 129.351821 447  07/07/2020 04:48:57 466  13.70  305.36 3.93  NW    9157     331.01 NNW   11573 490       1        
8    121  35.567337 129.351821 522  07/07/2020 04:48:58 541  13.70  304.67 2.54  NW    9157     331.01 NNW   11621 492       1        
8    121  35.567344 129.351806 597  07/07/2020 04:48:59 616  13.70  305.84 3.30  NW    9157     331.01 NNW   11669 494       1        
8    121  35.567356 129.351806 671  07/07/2020 04:49:00 688  13.60  353.75 3.65  N     9157     331.01 NNW   11717 496       1        
8    121  35.567363 129.351806 746  07/07/2020 04:49:01 764  13.60  348.18 3.67  NNW   9157     331.01 NNW   11766 498       1        
8    121  35.567375 129.351806 820  07/07/2020 04:49:02 838  13.60  333.48 3.89  NNW   9157     331.01 NNW   11821 501       1        
8    121  35.567390 129.351791 66   07/07/2020 04:49:04 129  13.60  334.90 3.20  NNW   9157     331.01 NNW   11889 504       1        
8    121  35.567394 129.351791 151  07/07/2020 04:49:05 212  13.60  335.90 2.44  NNW   9157     331.01 NNW   11955 506       1        
8    121  35.567409 129.351791 339  07/07/2020 04:49:06 362  13.60  335.11 3.33  NNW   9157     331.01 NNW   12005 508       1        
8    121  35.567417 129.351791 409  07/07/2020 04:49:07 427  13.60  335.54 3.50  NNW   9157     331.01 NNW   12053 510       1        
8    121  35.567424 129.351791 484  07/07/2020 04:49:08 501  13.60  350.71 4.09  N     9157     331.01 NNW   12101 512       1        
8    121  35.567436 129.351776 556  07/07/2020 04:49:09 575  13.60  347.17 4.15  NNW   9157     331.01 NNW   12149 514       1        
8    121  35.567443 129.351776 632  07/07/2020 04:49:10 650  13.70  357.22 5.09  N     9157     331.01 NNW   12197 516       1        
8    121  35.567455 129.351760 706  07/07/2020 04:49:11 726  13.60  351.89 5.09  N     9157     331.01 NNW   12245 518       1        
8    121  35.567462 129.351760 781  07/07/2020 04:49:12 799  13.70  346.98 4.00  NNW   9157     331.01 NNW   12293 520       1        
8    121  35.567470 129.351760 866  07/07/2020 04:49:14 60   13.60  338.73 1.74  NNW   9157     331.01 NNW   12362 524       1        
8    121  35.567478 129.351760 88   07/07/2020 04:49:15 148  13.70  337.02 2.04  NNW   9157     331.01 NNW   12428 526       1        
8    121  35.567478 129.351745 275  07/07/2020 04:49:16 337  13.70  337.19 3.11  NNW   9157     331.01 NNW   12484 528       1        
8    121  35.567485 129.351745 367  07/07/2020 04:49:17 384  13.70  336.53 2.00  NNW   9157     331.01 NNW   12532 530       1        
8    121  35.567493 129.351745 441  07/07/2020 04:49:18 460  13.80  336.72 3.22  NNW   9157     331.01 NNW   12580 532       1        
8    121  35.567501 129.351745 516  07/07/2020 04:49:19 533  13.80  335.15 2.98  NNW   9157     331.01 NNW   12628 534       1        
8    122  35.567504 129.351745 592  07/07/2020 04:49:20 609  13.80  334.88 2.04  NNW   9157     331.01 NNW   12676 536       1        
8    122  35.567516 129.351730 667  07/07/2020 04:49:21 686  13.80  334.75 3.04  NNW   9157     331.01 NNW   12724 538       1        
8    122  35.567527 129.351730 742  07/07/2020 04:49:22 760  13.80  325.05 4.83  NW    9157     331.01 NNW   12772 540       1        
8    122  35.567543 129.351730 805  07/07/2020 04:49:23 822  13.70  325.55 3.48  NW    9157     331.01 NNW   12822 542       1        
8    122  35.567554 129.351730 912  07/07/2020 04:49:25 99   13.70  353.14 4.11  N     9157     331.01 NNW   12892 546       1        
8    122  35.567577 129.351730 122  07/07/2020 04:49:26 180  13.70  351.95 2.48  N     9157     331.01 NNW   12958 548       1        
8    122  35.567584 129.351730 309  07/07/2020 04:49:27 361  13.80  352.17 3.07  N     9157     331.01 NNW   13011 550       1        
8    122  35.567592 129.351730 388  07/07/2020 04:49:28 406  13.80  341.50 4.17  NNW   9157     331.01 NNW   13059 552       1        
8    122  35.567600 129.351715 467  07/07/2020 04:49:29 485  13.80  2.84   5.69  N     9157     331.01 NNW   13107 554       1        
8    122  35.567611 129.351715 540  07/07/2020 04:49:30 560  13.80  1.72   7.33  N     9157     331.01 NNW   13154 556       1        
8    122  35.567600 129.351715 612  07/07/2020 04:49:31 630  13.70  353.17 0.76  N     9157     331.01 NNW   13202 558       1        
8    122  35.567604 129.351715 689  07/07/2020 04:49:32 707  13.70  348.42 1.65  NNW   9157     331.01 NNW   13250 560       1        
8    122  35.567607 129.351715 759  07/07/2020 04:49:33 779  13.70  346.17 0.76  NNW   9157     331.01 NNW   13298 562       1        
8    122  35.567619 129.351715 833  07/07/2020 04:49:34 850  13.80  346.15 2.76  NNW   9157     331.01 NNW   13356 565       1        
8    122  35.567657 129.351699 89   07/07/2020 04:49:36 167  14.40  332.43 3.80  NNW   9157     331.01 NNW   13424 568       1        
8    122  35.567665 129.351699 175  07/07/2020 04:49:37 237  14.40  328.82 4.30  NNW   9157     331.01 NNW   13490 570       1        
8    122  35.567676 129.351684 351  07/07/2020 04:49:38 369  14.40  326.12 4.82  NW    9157     331.01 NNW   13539 572       1        
8    122  35.567684 129.351684 425  07/07/2020 04:49:39 442  14.40  333.32 4.26  NNW   9157     331.01 NNW   13587 574       1        
8    122  35.567691 129.351684 500  07/07/2020 04:49:40 518  14.40  335.04 2.65  NNW   9157     331.01 NNW   13636 576       1        
8    122  35.567699 129.351684 573  07/07/2020 04:49:41 591  14.40  338.35 3.63  NNW   9157     331.01 NNW   13684 578       1        
8    122  35.567710 129.351684 647  07/07/2020 04:49:42 667  14.40  338.56 3.56  NNW   9157     331.01 NNW   13732 580       1        
8    122  35.567718 129.351669 721  07/07/2020 04:49:43 739  14.30  338.32 3.74  NNW   9157     331.01 NNW   13781 582       1        
8    122  35.567737 129.351669 795  07/07/2020 04:49:44 814  14.50  338.33 3.59  NNW   9157     331.01 NNW   13829 584       1        
8    122  35.567745 129.351669 885  07/07/2020 04:49:46 76   14.30  317.37 3.78  NW    9157     331.01 NNW   13900 588       1        
8    122  35.567756 129.351654 100  07/07/2020 04:49:47 162  14.20  315.15 3.20  NW    9157     331.01 NNW   13966 590       1        
8    122  35.567756 129.351638 287  07/07/2020 04:49:48 346  14.50  311.65 2.28  NW    9157     331.01 NNW   14022 592       1        
8    122  35.567756 129.351638 379  07/07/2020 04:49:49 399  14.50  308.44 2.93  NW    9157     331.01 NNW   14070 594       1        
8    122  35.567752 129.351623 455  07/07/2020 04:49:50 473  14.50  307.19 2.17  NW    9157     331.01 NNW   14118 596       1        
8    122  35.567752 129.351623 529  07/07/2020 04:49:51 547  14.50  304.79 2.70  NW    9157     331.01 NNW   14167 598       1        
8    122  35.567756 129.351608 603  07/07/2020 04:49:52 622  14.50  301.09 3.11  WNW   9157     331.01 NNW   14215 600       1        
8    122  35.567752 129.351593 677  07/07/2020 04:49:53 695  14.50  297.12 2.69  WNW   9157     331.01 NNW   14263 602       1        
8    122  35.567745 129.351593 752  07/07/2020 04:49:54 770  14.60  294.18 2.80  WNW   9157     331.01 NNW   14311 604       1        
8    122  35.567737 129.351593 827  07/07/2020 04:49:55 845  14.70  291.44 3.26  WNW   9157     331.01 NNW   14369 607       1        
8    122  35.567726 129.351577 84   07/07/2020 04:49:57 162  15.30  285.70 3.04  WNW   9157     331.00 NNW   14436 610       1        
8    122  35.567722 129.351562 171  07/07/2020 04:49:58 230  15.00  229.13 5.13  SW    9157     331.00 NNW   14503 612       1        
8    122  35.567714 129.351547 347  07/07/2020 04:49:59 365  14.80  223.38 4.59  SW    9157     331.00 NNW   14551 614       1        
8    122  35.567710 129.351531 423  07/07/2020 04:50:00 440  14.80  226.28 3.48  SW    9157     331.00 NNW   14599 616       1        
8    122  35.567703 129.351531 497  07/07/2020 04:50:01 515  14.80  226.60 0.59  SW    9157     331.00 NNW   14648 618       1        
8    122  35.567691 129.351547 572  07/07/2020 04:50:02 589  14.80  172.90 5.50  S     9157     331.00 NNW   14696 620       1        
8    122  35.567680 129.351531 648  07/07/2020 04:50:03 665  14.80  173.82 2.91  S     9157     331.00 NNW   14744 622       1        
8    122  35.567672 129.351531 721  07/07/2020 04:50:04 740  14.70  174.40 3.02  S     9157     331.00 NNW   14792 624       1        
8    122  35.567668 129.351531 795  07/07/2020 04:50:05 812  14.50  173.85 3.02  S     9157     331.00 NNW   14840 626       1        
8    122  35.567665 129.351547 887  07/07/2020 04:50:07 76   14.30  166.40 3.46  SSE   9157     331.00 NNW   14911 630       1        
8    122  35.567642 129.351547 99   07/07/2020 04:50:08 160  14.20  166.41 3.37  SSE   9157     331.00 NNW   14977 632       1        
8    122  35.567634 129.351562 286  07/07/2020 04:50:09 346  14.00  157.81 4.32  SSE   9157     331.00 NNW   15032 634       1        
8    122  35.567623 129.351562 378  07/07/2020 04:50:10 395  13.00  162.35 3.76  SSE   9157     331.00 NNW   15080 636       1        
8    122  35.567615 129.351577 452  07/07/2020 04:50:11 470  12.90  158.31 3.80  SSE   9157     331.01 NNW   15129 638       1        
8    122  35.567604 129.351577 528  07/07/2020 04:50:12 546  12.90  159.01 3.26  SSE   9157     331.01 NNW   15177 640       1        
8    122  35.567596 129.351577 600  07/07/2020 04:50:13 618  12.90  160.09 3.30  SSE   9157     331.01 NNW   15225 642       1        
8    122  35.567584 129.351577 675  07/07/2020 04:50:14 692  12.90  160.81 3.52  SSE   9157     331.01 NNW   15273 644       1        
8    122  35.567581 129.351577 750  07/07/2020 04:50:15 767  12.80  162.15 3.32  SSE   9157     331.01 NNW   15321 646       1        
8    122  35.567573 129.351577 824  07/07/2020 04:50:16 841  12.90  164.09 2.22  SSE   9157     331.01 NNW   15378 649       1        
8    122  35.567546 129.351577 79   07/07/2020 04:50:18 157  12.90  178.16 4.80  S     9157     331.01 NNW   15446 652       1        
8    122  35.567539 129.351577 165  07/07/2020 04:50:19 225  12.90  183.08 4.57  S     9157     331.01 NNW   15512 654       1        
8    122  35.567527 129.351577 344  07/07/2020 04:50:20 362  12.90  182.37 2.85  S     9157     331.01 NNW   15561 656       1        
8    122  35.567520 129.351577 419  07/07/2020 04:50:21 437  12.90  182.07 3.04  S     9157     331.01 NNW   15609 658       1        
8    122  35.567512 129.351577 493  07/07/2020 04:50:22 512  12.90  180.72 4.82  S     9157     331.01 NNW   15657 660       1        
8    122  35.567504 129.351577 557  07/07/2020 04:50:23 574  12.90  176.19 3.94  S     9157     331.01 NNW   15705 662       1        
8    122  35.567501 129.351577 637  07/07/2020 04:50:24 655  12.90  175.08 2.52  S     9157     331.01 NNW   15753 664       1        
8    122  35.567489 129.351593 717  07/07/2020 04:50:25 735  12.90  174.31 3.41  S     9157     331.01 NNW   15801 666       1        
8    122  35.567485 129.351593 792  07/07/2020 04:50:26 810  12.90  174.15 3.09  S     9157     331.01 NNW   15848 668       1        
8    122  35.567474 129.351593 872  07/07/2020 04:50:28 68   12.80  165.94 4.32  SSE   9157     331.01 NNW   15918 672       1        
8    122  35.567455 129.351593 94   07/07/2020 04:50:29 155  12.80  163.10 4.44  SSE   9157     331.01 NNW   15984 674       1        
8    122  35.567451 129.351593 282  07/07/2020 04:50:30 344  12.70  158.14 3.78  SSE   9157     331.01 NNW   16040 676       1        
8    122  35.567440 129.351608 373  07/07/2020 04:50:31 391  12.70  158.49 3.35  SSE   9157     331.01 NNW   16088 678       1        
8    122  35.567432 129.351593 448  07/07/2020 04:50:32 466  12.70  160.41 3.19  SSE   9157     331.01 NNW   16136 680       1        
8    122  35.567424 129.351593 523  07/07/2020 04:50:33 540  12.70  160.67 3.28  SSE   9157     331.01 NNW   16184 682       1        
8    122  35.567420 129.351608 599  07/07/2020 04:50:34 617  12.70  160.64 3.65  SSE   9157     331.01 NNW   16232 684       1        
8    122  35.567413 129.351608 671  07/07/2020 04:50:35 690  12.70  173.11 3.69  S     9157     331.01 NNW   16280 686       1        
8    122  35.567405 129.351593 748  07/07/2020 04:50:36 765  12.60  169.56 3.83  S     9157     331.01 NNW   16327 688       1        
8    122  35.567394 129.351608 820  07/07/2020 04:50:37 839  12.60  169.77 3.80  S     9157     331.01 NNW   16383 691       1        
8    122  35.567375 129.351608 63   07/07/2020 04:50:39 127  12.70  178.05 3.91  S     9157     331.01 NNW   16451 694       1        
8    122  35.567367 129.351623 149  07/07/2020 04:50:40 210  12.60  155.56 3.72  SSE   9157     331.01 NNW   16517 696       1        
8    122  35.567359 129.351623 339  07/07/2020 04:50:41 362  12.60  163.43 4.20  SSE   9157     331.01 NNW   16567 698       1        
8    122  35.567348 129.351623 408  07/07/2020 04:50:42 426  12.50  163.11 4.98  SSE   9157     331.01 NNW   16615 700       1        
8    122  35.567340 129.351623 483  07/07/2020 04:50:43 501  12.50  158.48 4.07  SSE   9157     331.01 NNW   16663 702       1        
8    122  35.567329 129.351638 556  07/07/2020 04:50:44 575  12.50  161.21 4.04  SSE   9157     331.01 NNW   16711 704       1        
8    122  35.567321 129.351623 629  07/07/2020 04:50:45 647  12.50  168.65 3.74  SSE   9157     331.01 NNW   16759 706       1        
8    122  35.567321 129.351623 705  07/07/2020 04:50:46 724  12.50  173.92 2.33  S     9157     331.01 NNW   16806 708       1        
8    122  35.567314 129.351608 780  07/07/2020 04:50:47 799  12.50  178.48 1.67  S     9157     331.01 NNW   16854 710       1        
8    122  35.567310 129.351623 861  07/07/2020 04:50:49 47   12.50  175.08 2.78  S     9157     331.01 NNW   16923 714       1        
8    122  35.567295 129.351623 86   07/07/2020 04:50:50 145  12.50  159.42 4.06  SSE   9157     331.01 NNW   16989 716       1        
8    122  35.567279 129.351623 272  07/07/2020 04:50:51 333  12.50  163.47 6.13  SSE   9157     331.01 NNW   17046 718       1        
7    149  35.567272 129.351638 364  07/07/2020 04:50:52 381  12.50  158.16 4.69  SSE   9157     331.01 NNW   17094 720       1        
8    122  35.567272 129.351638 437  07/07/2020 04:50:53 455  12.50  157.10 2.59  SSE   9157     331.01 NNW   17142 722       1        
8    122  35.567268 129.351638 510  07/07/2020 04:50:54 529  12.50  155.16 1.24  SSE   9157     331.01 NNW   17189 724       1        
8    122  35.567256 129.351638 584  07/07/2020 04:50:55 602  12.50  153.95 3.02  SSE   9157     331.01 NNW   17237 726       1        
8    122  35.567253 129.351638 659  07/07/2020 04:50:56 677  12.50  155.53 0.93  SSE   9157     331.01 NNW   17285 728       1        
8    122  35.567249 129.351638 734  07/07/2020 04:50:57 751  12.50  155.45 1.85  SSE   9157     331.01 NNW   17333 730       1        
8    122  35.567241 129.351654 808  07/07/2020 04:50:58 826  12.60  154.93 3.30  SSE   9157     331.01 NNW   17384 732       1        
8    122  35.567226 129.351654 910  07/07/2020 04:51:00 90   12.60  146.96 2.41  SSE   9157     331.01 NNW   17453 736       1        
8    122  35.567218 129.351654 116  07/07/2020 04:51:01 175  12.60  148.44 2.87  SSE   9157     331.01 NNW   17519 738       1        
8    122  35.567207 129.351654 303  07/07/2020 04:51:02 361  12.60  153.81 4.67  SSE   9157     331.01 NNW   17573 740       1        
8    122  35.567195 129.351669 386  07/07/2020 04:51:03 405  12.60  157.13 4.82  SSE   9157     331.01 NNW   17621 742       1        
8    122  35.567188 129.351669 460  07/07/2020 04:51:04 478  12.70  158.06 3.04  SSE   9157     331.01 NNW   17668 744       1        
8    122  35.567176 129.351669 535  07/07/2020 04:51:05 552  12.70  157.97 3.02  SSE   9157     331.01 NNW   17716 746       1        
8    122  35.567169 129.351669 609  07/07/2020 04:51:06 627  12.70  158.43 2.43  SSE   9157     331.01 NNW   17764 748       1        
8    122  35.567161 129.351669 684  07/07/2020 04:51:07 702  12.70  158.16 1.91  SSE   9157     331.01 NNW   17812 750       1        
8    122  35.567150 129.351669 758  07/07/2020 04:51:08 776  12.70  158.64 2.28  SSE   9157     331.01 NNW   17860 752       1        
8    122  35.567146 129.351669 834  07/07/2020 04:51:09 851  12.70  158.22 3.61  SSE   9157     331.01 NNW   17918 755       1        
8    122  35.567127 129.351684 89   07/07/2020 04:51:07 168  12.80  159.74 3.63  SSE   9157     331.01 NNW   17986 758       1        
8    122  35.567127 129.351684 178  07/07/2020 04:51:08 238  12.80  158.55 1.31  SSE   9157     331.01 NNW   18052 760       1        
8    123  35.567127 129.351684 346  07/07/2020 04:51:09 364  12.80  160.33 0.80  SSE   9157     331.01 NNW   18100 762       1        
8    123  35.567127 129.351684 419  07/07/2020 04:51:10 436  12.80  158.61 1.00  SSE   9157     331.01 NNW   18148 764       1        
8    123  35.567134 129.351699 493  07/07/2020 04:51:11 512  12.80  153.55 2.59  SSE   9157     331.01 NNW   18196 766       1        
8    123  35.567131 129.351715 567  07/07/2020 04:51:12 584  12.70  118.01 4.50  ESE   9157     331.01 NNW   18244 768       1        
8    123  35.567127 129.351730 640  07/07/2020 04:51:13 658  12.70  119.72 4.13  ESE   9157     331.01 NNW   18292 770       1        
8    123  35.567127 129.351730 716  07/07/2020 04:51:14 735  12.70  118.44 3.07  ESE   9157     331.01 NNW   18340 772       1        
8    123  35.567127 129.351745 790  07/07/2020 04:51:15 808  12.70  118.76 1.81  ESE   9157     331.01 NNW   18388 774       1        
8    123  35.567131 129.351745 873  07/07/2020 04:51:17 70   12.70  123.74 4.30  ESE   9157     331.01 NNW   18459 778       1        
8    173  35.567127 129.351760 97   07/07/2020 04:51:18 158  12.50  122.05 2.20  ESE   9157     331.01 NNW   18525 780       1        
8    123  35.567127 129.351760 275  07/07/2020 04:51:19 334  12.50  113.62 1.15  ESE   9157     331.01 NNW   18581 782       1        
8    123  35.567119 129.351760 370  07/07/2020 04:51:20 388  12.40  135.39 3.85  SE    9157     331.01 NNW   18628 784       1        
8    123  35.567119 129.351760 451  07/07/2020 04:51:21 469  12.40  137.53 2.85  SE    9157     331.01 NNW   18676 786       1        
8    123  35.567115 129.351776 524  07/07/2020 04:51:22 542  12.30  153.80 5.93  SSE   9157     331.01 NNW   18724 788       1        
8    173  35.567108 129.351791 599  07/07/2020 04:51:23 618  12.30  133.83 7.02  SE    9157     331.01 NNW   18772 790       1        
7    173  35.567104 129.351806 675  07/07/2020 04:51:24 692  12.30  148.04 4.89  SSE   9157     331.01 NNW   18820 792       1        
8    123  35.567100 129.351806 746  07/07/2020 04:51:25 763  12.30  146.73 2.41  SSE   9157     331.01 NNW   18868 794       1        
8    123  35.567108 129.351806 820  07/07/2020 04:51:26 838  12.20  141.67 3.54  SE    9157     331.01 NNW   18924 797       1        
8    123  35.567104 129.351837 64   07/07/2020 04:51:28 127  12.20  111.78 5.00  ESE   9157     331.01 NNW   18991 800       1        
8    123  35.567100 129.351837 150  07/07/2020 04:51:29 210  12.00  112.12 1.78  ESE   9157     331.01 NNW   19057 802       1        
8    123  35.567096 129.351852 337  07/07/2020 04:51:30 364  12.00  115.35 1.81  ESE   9157     331.01 NNW   19108 804       1        
7    173  35.567092 129.351852 410  07/07/2020 04:51:31 430  12.00  117.98 1.50  ESE   9157     331.01 NNW   19156 806       1        
8    173  35.567089 129.351852 485  07/07/2020 04:51:32 502  12.00  119.09 1.81  ESE   9157     331.01 NNW   19204 808       1        
8    123  35.567089 129.351852 555  07/07/2020 04:51:33 573  12.00  122.30 1.20  ESE   9157     331.01 NNW   19252 810       1        
8    123  35.567089 129.351852 630  07/07/2020 04:51:34 647  11.90  129.95 2.52  SE    9157     331.01 NNW   19300 812       1        
8    123  35.567089 129.351837 704  07/07/2020 04:51:35 723  11.90  138.68 3.24  SE    9157     331.01 NNW   19349 814       1        
8    123  35.567089 129.351837 792  07/07/2020 04:51:36 810  11.90  138.68 0.30  SE    9157     331.01 NNW   19395 816       1        
8    123  35.567092 129.351837 861  07/07/2020 04:51:38 46   11.80  138.06 0.98  SE    9157     331.01 NNW   19465 820       1        
8    123  35.567092 129.351837 83   07/07/2020 04:51:39 144  11.80  140.67 2.74  SE    9157     331.01 NNW   19531 822       1        
8    123  35.567092 129.351837 272  07/07/2020 04:51:40 334  11.80  142.44 1.48  SE    9157     331.01 NNW   19588 824       1        
8    123  35.567092 129.351837 364  07/07/2020 04:51:41 383  11.80  144.01 1.11  SE    9157     331.01 NNW   19636 826       1        
8    123  35.567096 129.351837 437  07/07/2020 04:51:42 455  11.80  136.95 0.50  SE    9157     331.01 NNW   19684 828       1    
