3    713  35.569423 129.345367 776  07/06/2020 07:31:59 794  -0.20  79.99  6.82  E     9157     331.00 NNW   55929 2         0        
3    713  35.569419 129.345382 856  07/06/2020 07:32:00 934  -0.20  81.56  2.41  E     9157     331.00 NNW   56536 6         0        
3    713  35.569423 129.345382 76   07/06/2020 07:32:02 135  -0.10  81.72  0.96  E     9157     331.00 NNW   57116 8         0        
3    713  35.569427 129.345367 256  07/06/2020 07:32:03 286  -0.10  86.42  0.85  E     9157     331.00 NNW   57545 10        0        
3    714  35.569423 129.345352 327  07/06/2020 07:32:04 345  0.00   75.42  1.35  ENE   9157     331.00 NNW   57948 12        0        
4    220  35.569179 129.346221 393  07/06/2020 07:32:05 411  32.40  76.84  0.74  ENE   9157     331.00 NNW   58359 14        0        
4    220  35.569164 129.346237 474  07/06/2020 07:32:06 491  37.70  83.52  0.89  E     9157     331.00 NNW   58770 16        0        
4    220  35.569160 129.346237 550  07/06/2020 07:32:07 567  43.20  84.84  1.48  E     9157     331.00 NNW   59181 18        0        
4    220  35.569156 129.346221 623  07/06/2020 07:32:08 643  47.10  93.75  2.50  E     9157     331.00 NNW   59592 20        0        
4    220  35.569160 129.346206 697  07/06/2020 07:32:09 716  53.20  102.42 2.09  ESE   9157     331.00 NNW   60005 22        0        
4    220  35.569164 129.346191 772  07/06/2020 07:32:10 791  55.60  92.89  1.09  E     9157     331.00 NNW   60416 24        0        
4    220  35.569164 129.346191 843  07/06/2020 07:32:11 916  57.50  107.37 2.52  ESE   9157     331.00 NNW   61022 28        0        
4    220  35.569156 129.346176 66   07/06/2020 07:32:13 125  57.70  114.29 1.22  ESE   9157     331.00 NNW   61615 30        0        
4    220  35.569149 129.346176 252  07/06/2020 07:32:14 290  58.80  116.80 1.24  ESE   9157     331.00 NNW   62066 32        0        
4    220  35.569145 129.346160 327  07/06/2020 07:32:15 348  58.40  123.02 2.30  ESE   9157     331.00 NNW   62477 34        0        
4    220  35.569126 129.346160 402  07/06/2020 07:32:16 420  57.60  218.34 3.87  SW    9157     331.00 NNW   62888 36        0        
4    220  35.569126 129.346160 476  07/06/2020 07:32:17 494  57.80  217.07 2.80  SW    9157     331.00 NNW   63299 38        0        
4    220  35.569114 129.346130 550  07/06/2020 07:32:18 567  58.10  228.80 6.61  SW    9157     331.00 NNW   63708 40        0        
4    220  35.569110 129.346130 624  07/06/2020 07:32:19 643  58.10  227.11 2.61  SW    9157     331.00 NNW   64117 42        0        
4    220  35.569118 129.346130 700  07/06/2020 07:32:20 719  58.90  227.77 3.48  SW    9157     331.00 NNW   64526 44        0        
4    220  35.569122 129.346115 775  07/06/2020 07:32:21 794  58.70  229.19 2.26  SW    9157     331.00 NNW   64935 46        0        
4    220  35.569126 129.346099 855  07/06/2020 07:32:22 933  58.40  236.10 2.44  SW    9157     331.00 NNW   65549 50        0        
4    220  35.569137 129.346099 90   07/06/2020 07:32:24 148  58.10  236.10 0.19  SW    9157     331.00 NNW   66136 52        0        
4    220  35.569137 129.346099 263  07/06/2020 07:32:25 288  58.10  234.18 0.44  SW    9157     331.00 NNW   66559 54        0        
4    220  35.569137 129.346115 333  07/06/2020 07:32:26 350  58.00  237.12 0.48  WSW   9157     331.00 NNW   66968 56        0        
4    220  35.569133 129.346115 422  07/06/2020 07:32:27 441  57.90  237.12 0.15  WSW   9157     331.00 NNW   67365 58        0        
4    220  35.569126 129.346115 482  07/06/2020 07:32:28 500  58.00  236.78 1.31  WSW   9157     331.00 NNW   67774 60        0        
4    220  35.569133 129.346115 558  07/06/2020 07:32:29 577  58.40  244.70 0.61  WSW   9157     331.00 NNW   68183 62        0        
4    220  35.569133 129.346115 630  07/06/2020 07:32:30 648  58.40  249.79 1.44  WSW   9157     331.00 NNW   68592 64        0        
4    220  35.569133 129.346115 704  07/06/2020 07:32:31 722  58.80  256.82 1.15  WSW   9157     331.00 NNW   69001 66        0        
4    220  35.569133 129.346115 791  07/06/2020 07:32:32 810  59.00  256.82 0.30  WSW   9157     331.00 NNW   69398 68        0        
4    220  35.569122 129.346115 862  07/06/2020 07:32:34 47   59.60  245.23 0.44  WSW   9157     331.00 NNW   70017 72        0        
4    219  35.569122 129.346115 84   07/06/2020 07:32:35 144  60.20  234.03 0.83  SW    9157     331.00 NNW   70606 74        0        
4    219  35.569118 129.346115 278  07/06/2020 07:32:36 296  60.30  234.03 0.06  SW    9157     331.00 NNW   71024 76        0        
4    219  35.569118 129.346115 351  07/06/2020 07:32:37 370  60.40  234.03 0.24  SW    9157     331.00 NNW   71423 78        0        
4    219  35.569110 129.346130 414  07/06/2020 07:32:38 431  60.50  236.22 0.57  SW    9157     331.00 NNW   71834 80        0        
4    219  35.569110 129.346130 489  07/06/2020 07:32:39 506  60.70  243.93 0.52  WSW   9157     331.00 NNW   72245 82        0        
4    219  35.569107 129.346145 564  07/06/2020 07:32:40 581  60.90  236.78 0.74  WSW   9157     331.00 NNW   72656 84        0        
4    219  35.569114 129.346145 637  07/06/2020 07:32:41 656  61.30  225.78 1.35  SW    9157     331.00 NNW   73067 86        0        
4    219  35.569126 129.346145 711  07/06/2020 07:32:42 729  62.30  215.90 1.20  SW    9157     331.00 NNW   73478 88        0        
4    219  35.569137 129.346145 788  07/06/2020 07:32:43 807  62.50  19.17  4.28  NNE   9157     331.00 NNW   73887 90        0        
4    219  35.569137 129.346145 872  07/06/2020 07:32:45 67   62.50  28.94  0.69  NNE   9157     331.00 NNW   74513 94        0        
4    219  35.569126 129.346130 92   07/06/2020 07:32:46 152  62.50  40.19  3.43  NE    9157     331.00 NNW   75099 96        0        
4    219  35.569126 129.346130 274  07/06/2020 07:32:47 291  62.60  29.59  2.67  NNE   9157     331.00 NNW   75523 98        0        
4    219  35.569126 129.346130 346  07/06/2020 07:32:48 365  62.70  19.15  0.43  NNE   9157     331.00 NNW   75932 100       0        
4    219  35.569126 129.346130 421  07/06/2020 07:32:49 439  62.80  21.36  0.78  NNE   9157     331.00 NNW   76341 102       0        
4    219  35.569137 129.346130 496  07/06/2020 07:32:50 513  62.90  18.37  1.61  NNE   9157     331.00 NNW   76750 104       0        
4    219  35.569149 129.346130 570  07/06/2020 07:32:51 587  63.50  11.00  0.94  N     9157     331.00 NNW   77159 106       0        
4    219  35.569160 129.346145 634  07/06/2020 07:32:52 653  63.20  10.02  3.33  N     9157     331.00 NNW   77568 108       0        
4    179  35.569171 129.346145 720  07/06/2020 07:32:53 739  61.60  31.01  4.91  NNE   9157     331.00 NNW   77979 110       0        
4    179  35.569171 129.346160 792  07/06/2020 07:32:54 810  60.10  29.35  2.04  NNE   9157     331.00 NNW   78388 112       0        
4    179  35.569171 129.346160 874  07/06/2020 07:32:56 69   58.70  38.23  2.28  NE    9157     331.00 NNW   79016 116       0        
4    179  35.569145 129.346145 95   07/06/2020 07:32:57 156  56.00  218.73 6.33  SW    9157     331.00 NNW   79606 118       0        
4    219  35.569149 129.346145 272  07/06/2020 07:32:58 291  55.30  244.02 4.19  WSW   9157     331.00 NNW   80028 120       0        
4    219  35.569152 129.346145 360  07/06/2020 07:32:59 380  58.70  244.02 0.30  WSW   9157     331.00 NNW   80429 122       0        
4    219  35.569152 129.346145 422  07/06/2020 07:33:00 441  59.10  252.52 0.50  WSW   9157     331.00 NNW   80840 124       0        
4    219  35.569152 129.346145 496  07/06/2020 07:33:01 513  60.50  256.52 1.89  WSW   9157     331.00 NNW   81249 126       0        
4    219  35.569160 129.346145 582  07/06/2020 07:33:02 600  60.60  256.52 0.20  WSW   9157     331.00 NNW   81646 128       0        
4    219  35.569168 129.346145 644  07/06/2020 07:33:03 661  62.60  249.41 0.50  WSW   9157     331.00 NNW   82055 130       0        
4    219  35.569171 129.346145 718  07/06/2020 07:33:04 735  62.50  260.53 1.94  W     9157     331.00 NNW   82464 132       0        
4    219  35.569164 129.346145 793  07/06/2020 07:33:05 811  61.80  253.23 1.33  WSW   9157     331.00 NNW   82875 134       0        
4    219  35.569171 129.346145 883  07/06/2020 07:33:07 74   62.30  259.41 1.78  W     9157     331.00 NNW   83508 138       0        
4    219  35.569187 129.346145 97   07/06/2020 07:33:08 156  64.60  251.05 1.17  WSW   9157     331.00 NNW   84095 140       0        
4    219  35.569183 129.346145 274  07/06/2020 07:33:09 291  64.50  262.01 0.76  W     9157     331.00 NNW   84515 142       0        
4    219  35.569168 129.346145 348  07/06/2020 07:33:10 365  64.40  253.80 1.98  WSW   9157     331.00 NNW   84924 144       0        
4    219  35.569164 129.346145 423  07/06/2020 07:33:11 441  64.40  244.56 2.93  WSW   9157     331.00 NNW   85335 146       0        
4    219  35.569160 129.346145 498  07/06/2020 07:33:12 519  64.20  234.94 2.41  SW    9157     331.00 NNW   85744 148       0        
4    219  35.569152 129.346130 572  07/06/2020 07:33:13 590  64.40  233.97 2.96  SW    9157     331.00 NNW   86153 150       0        
4    219  35.569145 129.346130 645  07/06/2020 07:33:14 663  64.50  235.48 0.83  SW    9157     331.00 NNW   86564 152       0        
4    219  35.569145 129.346130 720  07/06/2020 07:33:15 737  64.70  233.32 2.17  SW    9157     331.00 NNW   86975 154       0        
4    219  35.569145 129.346145 794  07/06/2020 07:33:16 812  64.10  229.47 1.43  SW    9157     331.00 NNW   87388 156       0        
4    219  35.569145 129.346145 885  07/06/2020 07:33:18 74   64.20  239.36 2.50  WSW   9157     331.00 NNW   88023 160       0        
4    218  35.569145 129.346130 97   07/06/2020 07:33:19 157  64.50  242.59 0.63  WSW   9157     331.00 NNW   88612 162       0        
4    218  35.569152 129.346115 275  07/06/2020 07:33:20 293  64.80  248.50 2.17  WSW   9157     331.00 NNW   89032 164       0        
4    218  35.569152 129.346130 348  07/06/2020 07:33:21 366  64.90  237.29 1.72  WSW   9157     331.00 NNW   89443 166       0        
4    218  35.569156 129.346130 422  07/06/2020 07:33:22 439  65.50  228.97 3.22  SW    9157     331.00 NNW   89854 168       0        
4    218  35.569156 129.346130 497  07/06/2020 07:33:23 515  66.10  220.02 1.24  SW    9157     331.00 NNW   90265 170       0        
4    218  35.569160 129.346145 570  07/06/2020 07:33:24 589  66.30  106.54 3.72  ESE   9157     331.00 NNW   90676 172       0        
4    218  35.569160 129.346145 646  07/06/2020 07:33:25 663  66.60  106.55 1.59  ESE   9157     331.00 NNW   91087 174       0        
4    218  35.569164 129.346130 721  07/06/2020 07:33:26 739  67.00  102.57 1.56  ESE   9157     331.00 NNW   91498 176       0        
4    218  35.569168 129.346130 796  07/06/2020 07:33:27 814  67.20  92.75  1.93  E     9157     331.00 NNW   91907 178       0        
4    218  35.569171 129.346130 878  07/06/2020 07:33:29 72   67.20  83.70  1.76  E     9157     331.00 NNW   92541 182       0        
4    218  35.569175 129.346145 100  07/06/2020 07:33:30 159  67.50  84.57  1.19  E     9157     331.00 NNW   93130 184       0        
4    218  35.569179 129.346160 275  07/06/2020 07:33:31 293  67.50  84.64  1.67  E     9157     331.00 NNW   93551 186       0        
4    218  35.569179 129.346160 350  07/06/2020 07:33:32 368  67.60  84.86  1.26  E     9157     331.00 NNW   93962 188       0        
4    218  35.569187 129.346191 425  07/06/2020 07:33:33 443  67.70  83.84  1.93  E     9157     331.00 NNW   94373 190       0        
4    218  35.569190 129.346191 499  07/06/2020 07:33:34 516  67.80  83.25  1.35  E     9157     331.00 NNW   94784 192       0        
4    218  35.569190 129.346206 573  07/06/2020 07:33:35 591  67.90  85.89  1.41  E     9157     331.00 NNW   95195 194       0        
4    218  35.569202 129.346206 648  07/06/2020 07:33:36 666  68.00  79.41  2.56  E     9157     331.00 NNW   95606 196       0        
4    218  35.569206 129.346206 722  07/06/2020 07:33:37 739  68.00  75.28  1.46  ENE   9157     331.00 NNW   96017 198       0        
4    218  35.569206 129.346206 797  07/06/2020 07:33:38 815  68.10  67.44  1.76  ENE   9157     331.00 NNW   96428 200       0        
4    218  35.569202 129.346206 878  07/06/2020 07:33:40 73   68.20  78.66  3.59  ENE   9157     331.00 NNW   97060 204       0        
4    218  35.569187 129.346221 96   07/06/2020 07:33:41 158  68.20  127.82 5.30  SE    9157     331.00 NNW   97649 206       0        
4    218  35.569183 129.346221 276  07/06/2020 07:33:42 293  68.30  129.29 2.26  SE    9157     331.00 NNW   98070 208       0        
4    218  35.569175 129.346206 350  07/06/2020 07:33:43 369  68.40  137.74 2.80  SE    9157     331.00 NNW   98481 210       0        
4    218  35.569168 129.346206 426  07/06/2020 07:33:44 444  68.40  142.53 3.22  SE    9157     331.00 NNW   98892 212       0        
4    178  35.569160 129.346191 502  07/06/2020 07:33:45 520  67.00  148.90 2.76  SSE   9157     331.00 NNW   99303 214       0        
3    178  35.569152 129.346191 577  07/06/2020 07:33:46 596  65.70  154.78 2.33  SSE   9157     331.00 NNW   99712 216       0        
3    178  35.569145 129.346206 649  07/06/2020 07:33:47 666  64.40  155.02 2.63  SSE   9157     331.00 NNW   10012 218       0        
3    178  35.569145 129.346206 725  07/06/2020 07:33:48 743  63.20  154.56 2.39  SSE   9157     331.00 NNW   10053 220       0        
3    178  35.569137 129.346206 800  07/06/2020 07:33:49 817  62.00  156.28 0.39  SSE   9157     331.00 NNW   10093 222       0        
3    178  35.569137 129.346206 889  07/06/2020 07:33:51 76   60.90  295.38 4.78  WNW   9157     331.00 NNW   10157 226       0        
3    178  35.569137 129.346191 1098 07/06/2020 07:33:51 1158 59.80  295.38 4.78  WNW   9157     331.00 NNW   10205 226       0        
3    178  35.569137 129.346191 2182 07/06/2020 07:33:51 2199 59.80  295.38 4.78  WNW   9157     331.00 NNW   10235 226       0        
3    178  35.569137 129.346191 3257 07/06/2020 07:33:51 3274 59.80  295.38 4.78  WNW   9157     331.00 NNW   10265 226       0        
3    178  35.569137 129.346191 4330 07/06/2020 07:33:51 4347 59.80  295.38 4.78  WNW   9157     331.00 NNW   10294 226       0        
3    729  35.569160 129.346145 409  07/06/2020 07:33:56 426  58.60  293.39 2.17  WNW   9157     331.00 NNW   10335 228       0        
3    729  35.569160 129.346145 1483 07/06/2020 07:33:56 1500 58.60  293.39 2.17  WNW   9157     331.00 NNW   10365 228       0        
3    729  35.569160 129.346145 2557 07/06/2020 07:33:56 2574 58.60  293.39 2.17  WNW   9157     331.00 NNW   10395 228       0        
3    729  35.569160 129.346145 3631 07/06/2020 07:33:56 3648 58.60  293.39 2.17  WNW   9157     331.00 NNW   10424 228       0        
3    729  35.569160 129.346145 4706 07/06/2020 07:33:56 4723 58.60  293.39 2.17  WNW   9157     331.00 NNW   10454 228       0        
3    729  35.569160 129.346145 5779 07/06/2020 07:33:56 5796 58.60  293.39 2.17  WNW   9157     331.00 NNW   10484 228       0        
4    177  35.569187 129.346145 864  07/06/2020 07:34:02 926  57.20  109.18 4.13  ESE   9157     331.00 NNW   10544 230       0        
3    730  35.569190 129.346160 53   07/06/2020 07:34:04 111  55.90  109.24 3.26  ESE   9157     331.00 NNW   10591 232       0        
3    731  35.569187 129.346160 241  07/06/2020 07:34:05 287  54.70  108.26 3.83  ESE   9157     331.00 NNW   10637 234       0        
3    731  35.569190 129.346145 319  07/06/2020 07:34:06 336  53.60  108.89 1.67  ESE   9157     331.00 NNW   10678 236       0        
3    731  35.569198 129.346130 393  07/06/2020 07:34:07 412  52.50  112.62 0.61  ESE   9157     331.00 NNW   10719 238       0        
3    731  35.569217 129.346099 467  07/06/2020 07:34:08 485  51.40  103.33 1.48  ESE   9157     331.00 NNW   10760 240       0        
3    731  35.569232 129.346069 546  07/06/2020 07:34:09 564  50.40  94.66  2.35  E     9157     331.00 NNW   10800 242       0        
3    731  35.569236 129.346054 618  07/06/2020 07:34:10 636  49.40  85.30  2.19  E     9157     331.00 NNW   10841 244       0        
3    731  35.569236 129.346054 694  07/06/2020 07:34:11 712  48.50  74.87  1.13  ENE   9157     331.00 NNW   10882 246       0        
4    732  35.569232 129.346054 765  07/06/2020 07:34:12 783  47.60  83.79  1.61  E     9157     331.00 NNW   10923 248       0        
4    732  35.569225 129.346054 842  07/06/2020 07:34:13 859  46.70  93.53  0.65  E     9157     331.00 NNW   10975 251       0        
4    732  35.569217 129.346069 93   07/06/2020 07:34:15 173  45.00  101.32 0.67  ESE   9157     331.00 NNW   11035 254       0        
4    217  35.569190 129.346084 178  07/06/2020 07:34:16 237  45.50  100.77 0.70  E     9157     331.00 NNW   11088 256       0        
4    217  35.569183 129.346099 280  07/06/2020 07:34:17 297  45.70  102.13 2.56  ESE   9157     331.00 NNW   11129 258       0        
4    217  35.569175 129.346115 356  07/06/2020 07:34:18 374  45.40  108.17 0.48  ESE   9157     331.00 NNW   11170 260       0        
4    217  35.569183 129.346099 432  07/06/2020 07:34:19 449  45.40  97.27  2.65  E     9157     331.00 NNW   11211 262       0        
4    217  35.569187 129.346099 507  07/06/2020 07:34:20 525  45.80  96.01  1.93  E     9157     331.00 NNW   11253 264       0        
4    217  35.569187 129.346099 580  07/06/2020 07:34:21 598  46.00  112.65 4.04  ESE   9157     331.00 NNW   11294 266       0        
3    733  35.569183 129.346115 656  07/06/2020 07:34:22 674  42.30  129.52 5.06  SE    9157     331.00 NNW   11335 268       0        
3    733  35.569183 129.346115 730  07/06/2020 07:34:23 749  39.60  117.99 4.87  ESE   9157     331.00 NNW   11376 270       0        
3    733  35.569179 129.346115 804  07/06/2020 07:34:24 821  36.90  115.20 4.76  ESE   9157     331.00 NNW   11417 272       0        
4    217  35.569171 129.346130 886  07/06/2020 07:34:26 80   38.10  131.49 3.07  SE    9157     331.00 NNW   11481 276       0        
4    734  35.569168 129.346145 104  07/06/2020 07:34:27 163  30.60  131.11 2.28  SE    9157     331.00 NNW   11541 278       0        
4    734  35.569179 129.346115 278  07/06/2020 07:34:28 298  28.70  131.27 1.57  SE    9157     331.00 NNW   11582 280       0        
4    217  35.569194 129.346115 351  07/06/2020 07:34:29 368  30.70  141.37 2.22  SE    9157     331.00 NNW   11624 282       0        
4    217  35.569190 129.346115 427  07/06/2020 07:34:30 445  31.90  140.88 1.72  SE    9157     331.00 NNW   11665 284       0        
4    217  35.569179 129.346160 501  07/06/2020 07:34:31 519  33.00  139.67 2.44  SE    9157     331.00 NNW   11706 286       0        
4    217  35.569168 129.346145 586  07/06/2020 07:34:32 604  34.00  139.67 0.09  SE    9157     331.00 NNW   11746 288       0        
4    217  35.569160 129.346191 662  07/06/2020 07:34:33 680  34.60  139.67 0.26  SE    9157     331.00 NNW   11786 290       0        
4    217  35.569160 129.346176 724  07/06/2020 07:34:34 741  35.90  146.44 1.50  SSE   9157     331.00 NNW   11828 292       0        
4    217  35.569156 129.346176 797  07/06/2020 07:34:35 817  37.20  152.70 1.83  SSE   9157     331.00 NNW   11869 294       0        
4    217  35.569156 129.346176 888  07/06/2020 07:34:37 76   37.80  151.94 0.70  SSE   9157     331.00 NNW   11933 298       0        
4    217  35.569160 129.346176 100  07/06/2020 07:34:38 159  39.80  160.59 2.98  SSE   9157     331.00 NNW   11992 300       0        
4    217  35.569160 129.346176 278  07/06/2020 07:34:39 296  41.00  168.82 2.70  S     9157     331.00 NNW   12034 302       0        
4    217  35.569160 129.346176 353  07/06/2020 07:34:40 371  42.30  176.83 1.43  S     9157     331.00 NNW   12076 304       0        
4    217  35.569152 129.346191 441  07/06/2020 07:34:41 458  43.80  176.83 0.19  S     9157     331.00 NNW   12116 306       0        
4    217  35.569149 129.346206 502  07/06/2020 07:34:42 520  44.50  172.33 0.89  S     9157     331.00 NNW   12157 308       0        
4    217  35.569145 129.346221 590  07/06/2020 07:34:43 609  45.00  172.33 0.20  S     9157     331.00 NNW   12197 310       0        
4    217  35.569141 129.346221 652  07/06/2020 07:34:44 670  46.20  180.25 0.67  S     9157     331.00 NNW   12238 312       0        
4    217  35.569137 129.346237 725  07/06/2020 07:34:45 742  46.90  182.20 0.69  S     9157     331.00 NNW   12279 314       0        
4    217  35.569126 129.346252 799  07/06/2020 07:34:46 816  47.30  181.18 1.50  S     9157     331.00 NNW   12321 316       0        
4    217  35.569126 129.346252 885  07/06/2020 07:34:48 77   47.60  179.96 0.17  S     9157     331.00 NNW   12385 320       0        
4    216  35.569126 129.346282 99   07/06/2020 07:34:49 160  48.00  176.20 1.22  S     9157     331.00 NNW   12442 322       0        
4    216  35.569122 129.346282 276  07/06/2020 07:34:50 294  48.20  178.64 0.43  S     9157     331.00 NNW   12485 324       0        
4    216  35.569122 129.346282 347  07/06/2020 07:34:51 366  48.20  180.39 0.91  S     9157     331.00 NNW   12526 326       0        
4    216  35.569126 129.346267 425  07/06/2020 07:34:52 444  48.10  186.33 1.41  S     9157     331.00 NNW   12567 328       0        
4    216  35.569126 129.346267 498  07/06/2020 07:34:53 516  48.10  190.83 1.31  S     9157     331.00 NNW   12608 330       0        
4    216  35.569133 129.346252 575  07/06/2020 07:34:54 593  48.20  196.56 1.89  SSW   9157     331.00 NNW   12650 332       0        
4    216  35.569141 129.346237 649  07/06/2020 07:34:55 667  48.30  202.18 0.70  SSW   9157     331.00 NNW   12691 334       0        
4    216  35.569145 129.346237 733  07/06/2020 07:34:56 751  48.60  202.18 0.13  SSW   9157     331.00 NNW   12731 336       0        
4    216  35.569145 129.346237 800  07/06/2020 07:34:57 818  48.90  206.19 0.87  SSW   9157     331.00 NNW   12772 338       0        
4    216  35.569149 129.346221 885  07/06/2020 07:34:59 74   49.20  216.40 0.44  SW    9157     331.00 NNW   12836 342       0        
4    216  35.569152 129.346221 99   07/06/2020 07:35:00 158  49.60  217.82 0.96  SW    9157     331.00 NNW   12895 344       0        
4    216  35.569156 129.346221 276  07/06/2020 07:35:01 295  49.80  214.08 0.61  SW    9157     331.00 NNW   12938 346       0        
4    216  35.569156 129.346206 353  07/06/2020 07:35:02 372  50.00  218.10 0.76  SW    9157     331.00 NNW   12979 348       0        
4    216  35.569160 129.346206 425  07/06/2020 07:35:03 443  50.30  219.20 0.52  SW    9157     331.00 NNW   13020 350       0        
4    216  35.569160 129.346206 503  07/06/2020 07:35:04 522  50.50  224.69 2.02  SW    9157     331.00 NNW   13062 352       0        
4    216  35.569164 129.346206 589  07/06/2020 07:35:05 606  50.60  224.69 0.22  SW    9157     331.00 NNW   13102 354       0        
4    216  35.569164 129.346206 651  07/06/2020 07:35:06 669  50.80  223.69 0.43  SW    9157     331.00 NNW   13143 356       0        
4    216  35.569168 129.346206 726  07/06/2020 07:35:07 744  51.00  230.14 1.26  SW    9157     331.00 NNW   13184 358       0        
4    216  35.569171 129.346206 800  07/06/2020 07:35:08 818  51.00  235.72 0.67  SW    9157     331.00 NNW   13226 360       0        
4    216  35.569175 129.346206 885  07/06/2020 07:35:10 78   51.20  254.17 1.46  WSW   9157     331.00 NNW   13290 364       0        
4    216  35.569183 129.346221 102  07/06/2020 07:35:11 163  51.10  243.65 0.83  WSW   9157     331.00 NNW   13349 366       0        
4    216  35.569183 129.346221 276  07/06/2020 07:35:12 294  51.00  250.23 0.50  WSW   9157     331.00 NNW   13391 368       0        
4    216  35.569183 129.346206 351  07/06/2020 07:35:13 370  50.90  249.64 0.81  WSW   9157     331.00 NNW   13432 370       0        
4    216  35.569183 129.346206 423  07/06/2020 07:35:14 441  50.80  247.40 0.65  WSW   9157     331.00 NNW   13473 372       0        
4    216  35.569183 129.346206 500  07/06/2020 07:35:15 518  50.70  244.41 0.61  WSW   9157     331.00 NNW   13515 374       0        
4    216  35.569183 129.346206 575  07/06/2020 07:35:16 592  50.60  244.65 0.94  WSW   9157     331.00 NNW   13556 376       0        
4    216  35.569179 129.346206 646  07/06/2020 07:35:17 663  50.50  242.79 1.30  WSW   9157     331.00 NNW   13597 378       0        
4    216  35.569179 129.346206 736  07/06/2020 07:35:18 753  50.50  242.79 0.13  WSW   9157     331.00 NNW   13637 380       0        
4    216  35.569175 129.346206 794  07/06/2020 07:35:19 812  50.40  243.09 0.48  WSW   9157     331.00 NNW   13680 382       0        
4    216  35.569175 129.346206 879  07/06/2020 07:35:21 75   50.30  236.88 0.87  WSW   9157     331.00 NNW   13745 386       0        
4    216  35.569175 129.346206 100  07/06/2020 07:35:22 160  50.20  232.40 0.37  SW    9157     331.00 NNW   13805 388       0        
4    216  35.569175 129.346206 285  07/06/2020 07:35:23 306  50.20  234.64 0.72  SW    9157     331.00 NNW   13849 390       0        
4    216  35.569171 129.346221 355  07/06/2020 07:35:24 373  50.20  229.42 0.69  SW    9157     331.00 NNW   13892 392       0        
4    216  35.569171 129.346221 439  07/06/2020 07:35:25 457  50.20  229.42 0.28  SW    9157     331.00 NNW   13933 394       0        
4    216  35.569168 129.346221 503  07/06/2020 07:35:26 521  50.30  240.28 0.67  WSW   9157     331.00 NNW   13975 396       0        
4    216  35.569171 129.346221 591  07/06/2020 07:35:27 609  50.20  240.28 0.28  WSW   9157     331.00 NNW   14017 398       0        
4    216  35.569171 129.346221 654  07/06/2020 07:35:28 671  50.30  245.72 0.70  WSW   9157     331.00 NNW   14059 400       0        
4    216  35.569171 129.346221 743  07/06/2020 07:35:29 760  50.30  245.72 0.19  WSW   9157     331.00 NNW   14100 402       0        
4    216  35.569171 129.346221 804  07/06/2020 07:35:30 822  50.40  246.36 0.89  WSW   9157     331.00 NNW   14143 404       0        
4    216  35.569175 129.346221 903  07/06/2020 07:35:32 82   50.50  257.65 0.56  WSW   9157     331.00 NNW   14208 408       0        
4    215  35.569179 129.346221 108  07/06/2020 07:35:33 168  50.70  251.59 0.57  WSW   9157     331.00 NNW   14269 410       0        
4    215  35.569179 129.346221 300  07/06/2020 07:35:34 318  50.80  251.59 0.33  WSW   9157     331.00 NNW   14311 412       0        
4    215  35.569179 129.346221 375  07/06/2020 07:35:35 393  50.80  251.59 0.33  WSW   9157     331.00 NNW   14352 414       0        
4    215  35.569183 129.346221 435  07/06/2020 07:35:36 453  50.90  244.34 0.57  WSW   9157     331.00 NNW   14395 416       0        
4    215  35.569187 129.346221 509  07/06/2020 07:35:37 527  51.00  248.66 0.83  WSW   9157     331.00 NNW   14437 418       0        
4    215  35.569190 129.346221 595  07/06/2020 07:35:38 613  51.10  248.66 0.22  WSW   9157     331.00 NNW   14478 420       0        
4    215  35.569190 129.346221 659  07/06/2020 07:35:39 677  51.20  247.62 1.59  WSW   9157     331.00 NNW   14521 422       0        
4    215  35.569194 129.346221 734  07/06/2020 07:35:40 752  51.30  243.34 0.76  WSW   9157     331.00 NNW   14563 424       0        
4    215  35.569194 129.346221 821  07/06/2020 07:35:41 840  51.40  243.34 0.06  WSW   9157     331.00 NNW   14607 426       0        
4    215  35.569202 129.346237 909  07/06/2020 07:35:43 91   51.40  264.85 0.50  W     9157     331.00 NNW   14671 430       0        
4    215  35.569202 129.346237 114  07/06/2020 07:35:44 175  51.50  270.59 0.41  W     9157     331.00 NNW   14731 432       0        
4    215  35.569202 129.346237 288  07/06/2020 07:35:45 305  51.50  274.80 0.67  W     9157     331.00 NNW   14774 434       0        
4    215  35.569202 129.346237 362  07/06/2020 07:35:46 381  51.50  272.39 0.65  W     9157     331.00 NNW   14816 436       0        
4    215  35.569206 129.346252 436  07/06/2020 07:35:47 454  51.50  283.46 0.50  WNW   9157     331.00 NNW   14859 438       0        
4    215  35.569206 129.346252 512  07/06/2020 07:35:48 529  51.50  294.15 1.98  WNW   9157     331.00 NNW   14901 440       0        
4    215  35.569206 129.346252 588  07/06/2020 07:35:49 607  51.40  287.71 0.37  WNW   9157     331.00 NNW   14943 442       0        
4    215  35.569206 129.346267 658  07/06/2020 07:35:50 676  51.40  296.33 1.26  WNW   9157     331.00 NNW   14986 444       0        
4    215  35.569206 129.346267 731  07/06/2020 07:35:51 749  51.40  306.23 0.83  NW    9157     331.00 NNW   15028 446       0        
4    215  35.569206 129.346267 819  07/06/2020 07:35:52 837  51.30  306.23 0.33  NW    9157     331.00 NNW   15072 448       0        
4    215  35.569206 129.346267 921  07/06/2020 07:35:54 88   51.30  296.22 0.63  WNW   9157     331.00 NNW   15134 452       0        
4    215  35.569202 129.346267 114  07/06/2020 07:35:55 172  51.20  295.31 0.37  WNW   9157     331.00 NNW   15195 454       0        
4    215  35.569198 129.346252 288  07/06/2020 07:35:56 307  51.10  287.49 0.65  WNW   9157     331.00 NNW   15238 456       0        
4    215  35.569198 129.346252 373  07/06/2020 07:35:57 390  51.10  287.49 0.30  WNW   9157     331.00 NNW   15279 458       0        
4    215  35.569198 129.346252 436  07/06/2020 07:35:58 454  51.00  277.77 0.89  W     9157     331.00 NNW   15321 460       0        
4    215  35.569194 129.346252 512  07/06/2020 07:35:59 529  51.00  269.59 0.43  W     9157     331.00 NNW   15364 462       0        
4    215  35.569198 129.346267 587  07/06/2020 07:36:00 604  51.00  279.60 1.28  W     9157     331.00 NNW   15406 464       0        
4    215  35.569198 129.346252 662  07/06/2020 07:36:01 680  51.00  272.47 0.41  W     9157     331.00 NNW   15449 466       0        
4    215  35.569194 129.346252 735  07/06/2020 07:36:02 753  51.00  270.06 2.17  W     9157     331.00 NNW   15491 468       0        
4    215  35.569198 129.346252 808  07/06/2020 07:36:03 826  51.00  264.73 0.46  W     9157     331.00 NNW   15536 470       0        
4    215  35.569187 129.346252 914  07/06/2020 07:36:05 94   50.80  247.02 2.65  WSW   9157     331.00 NNW   15599 474       0        
4    215  35.569179 129.346267 116  07/06/2020 07:36:06 178  50.90  242.38 3.04  WSW   9157     331.00 NNW   15659 476       0        
4    215  35.569160 129.346252 284  07/06/2020 07:36:07 302  51.50  240.61 1.31  WSW   9157     331.00 NNW   15701 478       0        
4    215  35.569160 129.346237 358  07/06/2020 07:36:08 376  51.60  243.35 1.70  WSW   9157     331.00 NNW   15743 480       0        
4    215  35.569164 129.346237 433  07/06/2020 07:36:09 451  51.70  251.11 1.56  WSW   9157     331.00 NNW   15785 482       0        
4    215  35.569168 129.346252 507  07/06/2020 07:36:10 526  51.70  260.23 1.74  W     9157     331.00 NNW   15827 484       0        
4    215  35.569164 129.346252 582  07/06/2020 07:36:11 600  51.70  250.25 2.83  WSW   9157     331.00 NNW   15869 486       0        
4    215  35.569160 129.346252 656  07/06/2020 07:36:12 674  51.70  240.29 0.35  WSW   9157     331.00 NNW   15911 488       0        
4    215  35.569164 129.346252 729  07/06/2020 07:36:13 747  51.80  110.99 3.74  ESE   9157     331.00 NNW   15953 490       0        
4    215  35.569152 129.346267 805  07/06/2020 07:36:14 824  51.80  112.56 3.39  ESE   9157     331.00 NNW   15996 492       0        
4    215  35.569168 129.346267 904  07/06/2020 07:36:16 83   52.10  103.45 1.85  ESE   9157     331.00 NNW   16060 496       0        
4    215  35.569160 129.346237 110  07/06/2020 07:36:17 169  52.10  242.64 5.07  WSW   9157     331.00 NNW   16121 498       0        
4    214  35.569160 129.346237 285  07/06/2020 07:36:18 303  52.10  241.75 3.22  WSW   9157     331.00 NNW   16163 500       0        
4    214  35.569160 129.346237 357  07/06/2020 07:36:19 374  52.10  240.52 1.41  WSW   9157     331.00 NNW   16205 502       0        
4    214  35.569160 129.346237 431  07/06/2020 07:36:20 450  52.10  235.48 1.02  SW    9157     331.00 NNW   16247 504       0        
4    214  35.569168 129.346237 507  07/06/2020 07:36:21 524  52.10  245.69 1.59  WSW   9157     331.00 NNW   16289 506       0        
4    161  35.569168 129.346237 583  07/06/2020 07:36:22 602  51.50  255.67 0.35  WSW   9157     331.00 NNW   16331 508       0        
4    161  35.569152 129.346252 659  07/06/2020 07:36:23 677  51.00  163.48 6.46  SSE   9157     331.00 NNW   16373 510       0        
4    161  35.569141 129.346252 734  07/06/2020 07:36:24 751  50.40  185.89 5.19  S     9157     331.00 NNW   16415 512       0        
4    161  35.569126 129.346252 804  07/06/2020 07:36:25 822  49.90  174.08 5.44  S     9157     331.00 NNW   16459 514       0        
4    161  35.569168 129.346282 908  07/06/2020 07:36:27 87   49.30  6.23   26.69 N     9157     331.00 NNW   16522 518       0        
4    161  35.569278 129.346313 1108 07/06/2020 07:36:27 1170 48.80  6.23   26.69 N     9157     331.00 NNW   16571 518       0        
4    161  35.569278 129.346313 2194 07/06/2020 07:36:27 2213 48.80  6.23   26.69 N     9157     331.00 NNW   16602 518       0        
4    161  35.569278 129.346313 3268 07/06/2020 07:36:27 3287 48.80  6.23   26.69 N     9157     331.00 NNW   16632 518       0        
4    161  35.569278 129.346313 4343 07/06/2020 07:36:27 4362 48.80  6.23   26.69 N     9157     331.00 NNW   16663 518       0        
4    161  35.569278 129.346313 5416 07/06/2020 07:36:27 5435 48.80  6.23   26.69 N     9157     331.00 NNW   16693 518       0        
4    161  35.569278 129.346313 6489 07/06/2020 07:36:27 6508 48.80  6.23   26.69 N     9157     331.00 NNW   16723 518       0        
4    161  35.569278 129.346313 7563 07/06/2020 07:36:27 7582 48.80  6.23   26.69 N     9157     331.00 NNW   16753 518       0        
4    161  35.569278 129.346313 8637 07/06/2020 07:36:27 8656 48.80  6.23   26.69 N     9157     331.00 NNW   16783 518       0        
4    161  35.569278 129.346313 9711 07/06/2020 07:36:27 9730 48.80  6.23   26.69 N     9157     331.00 NNW   16814 518       0        
4    161  35.569278 129.346313 1078 07/06/2020 07:36:27 1080 48.80  6.23   26.69 N     9157     331.00 NNW   16844 518       0        
4    161  35.569278 129.346313 1186 07/06/2020 07:36:27 1193 48.80  6.23   26.69 N     9157     331.00 NNW   16894 518       0        
4    161  35.569278 129.346313 1305 07/06/2020 07:36:27 1311 48.80  6.23   26.69 N     9157     331.00 NNW   16934 518       0        
4    161  35.569278 129.346313 1414 07/06/2020 07:36:27 1416 48.80  6.23   26.69 N     9157     331.00 NNW   16964 518       0        
4    161  35.569278 129.346313 1522 07/06/2020 07:36:27 1524 48.80  6.23   26.69 N     9157     331.00 NNW   16994 518       0        
4    161  35.569278 129.346313 1629 07/06/2020 07:36:27 1631 48.80  6.23   26.69 N     9157     331.00 NNW   17024 518       0        
4    161  35.569278 129.346313 1736 07/06/2020 07:36:27 1738 48.80  6.23   26.69 N     9157     331.00 NNW   17054 518       0        
4    161  35.569278 129.346313 1844 07/06/2020 07:36:27 1846 48.80  6.23   26.69 N     9157     331.00 NNW   17084 518       0        
4    161  35.569278 129.346313 1951 07/06/2020 07:36:27 1953 48.80  6.23   26.69 N     9157     331.00 NNW   17114 518       0        
4    161  35.569278 129.346313 2059 07/06/2020 07:36:27 2060 48.80  6.23   26.69 N     9157     331.00 NNW   17144 518       0        
4    161  35.569278 129.346313 2166 07/06/2020 07:36:27 2168 48.80  6.23   26.69 N     9157     331.00 NNW   17174 518       0        
4    161  35.569278 129.346313 2273 07/06/2020 07:36:27 2275 48.80  6.23   26.69 N     9157     331.00 NNW   17204 518       0        
4    161  35.569278 129.346313 2381 07/06/2020 07:36:27 2383 48.80  6.23   26.69 N     9157     331.00 NNW   17243 518       0        
4    161  35.569278 129.346313 2493 07/06/2020 07:36:27 2499 48.80  6.23   26.69 N     9157     331.00 NNW   17292 518       0        
4    161  35.569278 129.346313 2612 07/06/2020 07:36:27 2614 48.80  6.23   26.69 N     9157     331.00 NNW   17324 518       0        
4    161  35.569278 129.346313 2719 07/06/2020 07:36:27 2721 48.80  6.23   26.69 N     9157     331.00 NNW   17354 518       0        
4    161  35.569278 129.346313 2826 07/06/2020 07:36:27 2828 48.80  6.23   26.69 N     9157     331.00 NNW   17384 518       0        
