Sats HDOP Latitude  Longitude  Fix  Date       Time     Date Alt    Course Speed Card  Distance Course Card  Chars Sentences Checksum
          (deg)     (deg)      Age                      Age  (m)    --- from GPS ----  ---- to London  ----  RX    RX        Fail
-------------------------------------------------------------------------------------------------------------------------------------
8    119  35.567134 129.351837 397  07/07/2020 05:23:38 415  12.00  26.88  1.72  NNE   9157     331.01 NNW   570   2         1        
9    119  35.567134 129.351837 471  07/07/2020 05:23:39 489  12.20  1.45   4.11  N     9157     331.01 NNW   1049  4         1        
9    119  35.567134 129.351837 542  07/07/2020 05:23:40 560  12.60  31.78  3.72  NNE   9157     331.01 NNW   1530  6         1        
9    118  35.567115 129.351837 611  07/07/2020 05:23:41 629  12.90  156.60 5.91  SSE   9157     331.01 NNW   2013  8         1        
9    119  35.567108 129.351837 690  07/07/2020 05:23:42 707  13.20  157.71 1.00  SSE   9157     331.01 NNW   2496  10        1        
9    118  35.567104 129.351837 761  07/07/2020 05:23:43 780  13.70  161.59 1.52  SSE   9157     331.01 NNW   2979  12        1        
8    142  35.567108 129.351837 839  07/07/2020 05:23:44 856  14.00  168.66 2.50  SSE   9157     331.01 NNW   3567  15        1        
9    142  35.567089 129.351837 96   07/07/2020 05:23:46 174  15.10  169.91 1.48  S     9157     331.01 NNW   4247  18        1        
9    142  35.567104 129.351837 183  07/07/2020 05:23:47 244  15.10  13.98  7.93  NNE   9157     331.01 NNW   4901  20        1        
9    118  35.567119 129.351837 348  07/07/2020 05:23:48 367  15.40  353.99 9.89  N     9157     331.01 NNW   5384  22        1        
9    118  35.567127 129.351821 421  07/07/2020 05:23:49 438  15.90  346.43 6.89  NNW   9157     331.01 NNW   5867  24        1        
9    118  35.567104 129.351806 491  07/07/2020 05:23:50 510  16.10  341.05 3.35  NNW   9157     331.01 NNW   6350  26        1        
8    142  35.567081 129.351791 571  07/07/2020 05:23:51 590  16.50  211.29 8.26  SSW   9157     331.01 NNW   6829  28        1        
9    142  35.567081 129.351806 644  07/07/2020 05:23:52 661  16.60  218.95 1.46  SW    9157     331.01 NNW   7312  30        1        
9    142  35.567085 129.351806 720  07/07/2020 05:23:53 738  16.80  226.89 1.59  SW    9157     331.01 NNW   7795  32        1        
9    142  35.567104 129.351821 790  07/07/2020 05:23:54 808  16.60  343.18 6.02  NNW   9157     331.01 NNW   8278  34        1        
9    118  35.567108 129.351821 875  07/07/2020 05:23:56 68   16.30  96.78  5.52  E     9157     331.01 NNW   8980  38        1        
9    118  35.567104 129.351852 96   07/07/2020 05:23:57 155  16.10  99.08  2.20  E     9157     331.01 NNW   9641  40        1        
9    118  35.567100 129.351852 283  07/07/2020 05:23:58 345  16.10  74.43  4.11  ENE   9157     331.01 NNW   10204 42        1        
9    118  35.567104 129.351867 374  07/07/2020 05:23:59 391  16.30  71.08  2.78  ENE   9157     331.01 NNW   10685 44        1        
9    118  35.567100 129.351852 446  07/07/2020 05:24:00 465  16.30  286.04 4.09  WNW   9157     331.01 NNW   11168 46        1        
9    118  35.567092 129.351852 522  07/07/2020 05:24:01 540  16.40  223.16 5.48  SW    9157     331.01 NNW   11651 48        1        
9    118  35.567085 129.351837 596  07/07/2020 05:24:02 614  16.40  210.89 3.72  SSW   9157     331.01 NNW   12134 50        1        
9    118  35.567085 129.351852 672  07/07/2020 05:24:03 689  16.30  175.16 4.06  S     9157     331.01 NNW   12617 52        1        
9    118  35.567081 129.351867 745  07/07/2020 05:24:04 762  16.30  103.60 10.13 ESE   9157     331.01 NNW   13101 54        1        
9    118  35.567092 129.351882 819  07/07/2020 05:24:05 837  16.30  100.31 3.56  E     9157     331.01 NNW   13658 57        1        
9    118  35.567108 129.351882 60   07/07/2020 05:24:07 123  16.40  33.83  6.09  NE    9157     331.01 NNW   14335 60        1        
9    118  35.567115 129.351882 151  07/07/2020 05:24:08 212  16.50  7.29   5.37  N     9157     331.01 NNW   14997 62        1        
9    118  35.567111 129.351882 335  07/07/2020 05:24:09 366  16.60  18.54  0.48  NNE   9157     331.01 NNW   15506 64        1        
9    118  35.567092 129.351867 408  07/07/2020 05:24:10 427  16.70  8.60   2.22  N     9157     331.01 NNW   15985 66        1        
9    119  35.567085 129.351882 483  07/07/2020 05:24:11 500  16.30  12.84  0.72  NNE   9157     331.01 NNW   16466 68        1        
9    118  35.567089 129.351882 556  07/07/2020 05:24:12 575  16.00  9.97   1.13  N     9157     331.01 NNW   16945 70        1        
9    119  35.567096 129.351882 630  07/07/2020 05:24:13 648  15.70  10.48  2.15  N     9157     331.01 NNW   17426 72        1        
9    118  35.567100 129.351898 703  07/07/2020 05:24:14 722  15.60  15.79  0.81  NNE   9157     331.01 NNW   17907 74        1        
9    118  35.567096 129.351898 780  07/07/2020 05:24:15 797  15.30  9.18   0.89  N     9157     331.01 NNW   18386 76        1        
9    118  35.567081 129.351882 859  07/07/2020 05:24:16 936  15.10  6.55   1.74  N     9157     331.01 NNW   19072 80        1        
9    118  35.567081 129.351882 83   07/07/2020 05:24:18 142  14.80  9.70   1.67  N     9157     331.01 NNW   19730 82        1        
9    118  35.567085 129.351898 265  07/07/2020 05:24:19 325  14.50  8.04   1.61  N     9157     331.01 NNW   20304 84        1        
9    118  35.567085 129.351882 354  07/07/2020 05:24:20 371  14.50  11.70  1.24  NNE   9157     331.01 NNW   20785 86        1        
9    118  35.567081 129.351898 434  07/07/2020 05:24:21 451  14.60  93.95  4.85  E     9157     331.01 NNW   21279 88        1        
9    118  35.567073 129.351898 515  07/07/2020 05:24:22 533  14.50  93.95  0.31  E     9157     331.01 NNW   21763 90        1        
9    118  35.567062 129.351867 536  07/07/2020 05:24:23 553  10.70  82.93  1.48  E     9157     331.01 NNW   22257 92        1        
9    118  35.567081 129.351852 666  07/07/2020 05:24:24 684  12.40  82.93  0.09  E     9157     331.01 NNW   22741 94        1        
9    118  35.567062 129.351852 739  07/07/2020 05:24:25 757  12.70  82.93  0.04  E     9157     331.01 NNW   23225 96        1        
9    118  35.567062 129.351867 814  07/07/2020 05:24:26 831  13.20  82.93  0.13  E     9157     331.01 NNW   23713 98        1        
9    118  35.567062 129.351867 904  07/07/2020 05:24:28 80   13.40  82.93  0.19  E     9157     331.01 NNW   24422 102       1        
9    118  35.567062 129.351867 116  07/07/2020 05:24:29 175  14.00  82.93  0.19  E     9157     331.01 NNW   25086 104       1        
8    143  35.567062 129.351867 305  07/07/2020 05:24:30 365  13.40  82.93  0.07  E     9157     331.01 NNW   25641 106       1        
9    118  35.567062 129.351867 381  07/07/2020 05:24:31 401  13.60  82.93  0.09  E     9157     331.01 NNW   26125 108       1        
9    118  35.567062 129.351852 463  07/07/2020 05:24:32 482  12.60  82.93  0.06  E     9157     331.01 NNW   26609 110       1        
9    118  35.567062 129.351852 540  07/07/2020 05:24:33 558  12.50  82.93  0.06  E     9157     331.01 NNW   27093 112       1        
9    118  35.567066 129.351852 616  07/07/2020 05:24:34 634  12.10  82.93  0.06  E     9157     331.01 NNW   27577 114       1        
9    118  35.567066 129.351852 689  07/07/2020 05:24:35 706  12.10  82.93  0.28  E     9157     331.01 NNW   28061 116       1        
9    118  35.567073 129.351852 766  07/07/2020 05:24:36 784  12.30  82.93  0.11  E     9157     331.01 NNW   28543 118       1        
9    118  35.567077 129.351852 832  07/07/2020 05:24:37 850  12.30  92.95  0.37  E     9157     331.01 NNW   29133 121       1        
9    118  35.567081 129.351867 85   07/07/2020 05:24:39 163  12.10  92.95  0.22  E     9157     331.01 NNW   29813 124       1        
9    118  35.567085 129.351867 182  07/07/2020 05:24:40 242  12.50  92.95  0.04  E     9157     331.01 NNW   30475 126       1        
9    118  35.567089 129.351867 357  07/07/2020 05:24:41 380  12.50  102.46 0.46  ESE   9157     331.01 NNW   30983 128       1        
9    118  35.567089 129.351867 439  07/07/2020 05:24:42 456  13.30  102.46 0.30  ESE   9157     331.01 NNW   31467 130       1        
9    118  35.567089 129.351867 501  07/07/2020 05:24:43 521  13.30  110.96 0.50  ESE   9157     331.01 NNW   31963 132       1        
9    118  35.567089 129.351867 577  07/07/2020 05:24:44 595  13.30  116.00 0.94  ESE   9157     331.01 NNW   32459 134       1        
9    118  35.567089 129.351867 652  07/07/2020 05:24:45 670  13.30  261.63 5.65  W     9157     331.01 NNW   32953 136       1        
9    118  35.567085 129.351837 724  07/07/2020 05:24:46 743  13.30  205.41 11.46 SSW   9157     331.01 NNW   33450 138       1        
9    120  35.567066 129.351837 802  07/07/2020 05:24:47 820  13.80  210.39 8.09  SSW   9157     331.01 NNW   33946 140       1        
9    118  35.567054 129.351837 888  07/07/2020 05:24:49 79   13.60  285.13 9.57  WNW   9157     331.01 NNW   34672 144       1        
9    133  35.567073 129.351806 107  07/07/2020 05:24:50 165  13.70  306.13 12.61 NW    9157     331.01 NNW   35351 146       1        
8    143  35.567104 129.351791 292  07/07/2020 05:24:51 354  13.40  340.32 16.58 NNW   9157     331.01 NNW   35928 148       1        
9    119  35.567127 129.351791 381  07/07/2020 05:24:52 398  12.90  332.62 7.39  NNW   9157     331.01 NNW   36424 150       1        
8    119  35.567150 129.351791 456  07/07/2020 05:24:53 476  12.90  321.12 10.24 NW    9157     331.01 NNW   36919 152       1        
9    132  35.567161 129.351776 529  07/07/2020 05:24:54 547  13.00  350.23 6.06  N     9157     331.01 NNW   37415 154       1        
9    132  35.567157 129.351760 603  07/07/2020 05:24:55 622  12.90  307.95 6.22  NW    9157     331.01 NNW   37911 156       1        
8    132  35.567161 129.351745 682  07/07/2020 05:24:56 699  13.10  319.10 4.26  NW    9157     331.01 NNW   38403 158       1        
9    118  35.567150 129.351730 749  07/07/2020 05:24:57 767  12.50  312.75 4.33  NW    9157     331.01 NNW   38899 160       1        
9    118  35.567146 129.351730 824  07/07/2020 05:24:58 841  12.30  310.30 3.85  NW    9157     331.01 NNW   39489 163       1        
9    118  35.567157 129.351715 77   07/07/2020 05:25:00 155  12.10  314.51 4.11  NW    9157     331.01 NNW   40179 166       1        
9    118  35.567161 129.351715 163  07/07/2020 05:25:01 224  12.20  314.08 3.32  NW    9157     331.01 NNW   40854 168       1        
9    118  35.567169 129.351699 352  07/07/2020 05:25:02 377  12.00  314.02 3.43  NW    9157     331.01 NNW   41377 170       1        
9    118  35.567176 129.351684 425  07/07/2020 05:25:03 442  12.10  303.52 5.87  WNW   9157     331.01 NNW   41871 172       1        
9    118  35.567184 129.351684 504  07/07/2020 05:25:04 521  12.00  3.91   3.80  N     9157     331.01 NNW   42363 174       1        
9    118  35.567195 129.351699 576  07/07/2020 05:25:05 594  11.90  348.13 4.54  NNW   9157     331.01 NNW   42857 176       1        
9    118  35.567207 129.351684 649  07/07/2020 05:25:06 667  11.90  322.57 6.04  NW    9157     331.01 NNW   43353 178       1        
9    118  35.567214 129.351684 721  07/07/2020 05:25:07 740  11.70  321.80 3.11  NW    9157     331.01 NNW   43849 180       1        
9    118  35.567218 129.351684 797  07/07/2020 05:25:08 814  11.60  320.59 3.41  NW    9157     331.01 NNW   44345 182       1        
9    118  35.567222 129.351669 889  07/07/2020 05:25:10 77   11.60  320.29 3.37  NW    9157     331.01 NNW   45067 186       1        
9    118  35.567241 129.351654 102  07/07/2020 05:25:11 162  11.30  320.95 3.37  NW    9157     331.01 NNW   45743 188       1        
9    118  35.567249 129.351654 289  07/07/2020 05:25:12 350  11.50  299.46 4.26  WNW   9157     331.01 NNW   46327 190       1        
9    118  35.567253 129.351638 380  07/07/2020 05:25:13 397  11.50  317.31 3.98  NW    9157     331.01 NNW   46821 192       1        
9    118  35.567260 129.351638 456  07/07/2020 05:25:14 474  11.50  317.56 3.13  NW    9157     331.01 NNW   47315 194       1        
9    118  35.567268 129.351623 532  07/07/2020 05:25:15 549  11.40  13.52  4.13  NNE   9157     331.01 NNW   47809 196       1        
9    118  35.567279 129.351623 604  07/07/2020 05:25:16 622  11.30  355.24 4.87  N     9157     331.01 NNW   48305 198       1        
9    118  35.567287 129.351608 677  07/07/2020 05:25:17 696  11.30  321.74 5.07  NW    9157     331.01 NNW   48801 200       1        
9    118  35.567291 129.351593 751  07/07/2020 05:25:18 768  11.30  320.19 2.87  NW    9157     331.01 NNW   49297 202       1        
9    118  35.567291 129.351577 827  07/07/2020 05:25:19 846  11.30  318.27 2.50  NW    9157     331.01 NNW   49887 205       1        
9    118  35.567321 129.351547 85   07/07/2020 05:25:21 165  11.30  337.36 12.72 NNW   9157     331.01 NNW   50586 208       1        
9    118  35.567329 129.351531 172  07/07/2020 05:25:22 233  11.30  283.21 3.94  WNW   9157     331.01 NNW   51261 210       1        
9    118  35.567325 129.351501 358  07/07/2020 05:25:23 377  11.20  233.70 5.67  SW    9157     331.00 NNW   51774 212       1        
9    118  35.567321 129.351486 426  07/07/2020 05:25:24 445  11.30  258.48 8.91  WSW   9157     331.00 NNW   52270 214       1        
9    118  35.567337 129.351470 502  07/07/2020 05:25:25 519  11.30  329.97 7.33  NNW   9157     331.00 NNW   52764 216       1        
9    118  35.567344 129.351440 574  07/07/2020 05:25:26 593  11.30  288.87 10.70 WNW   9157     331.00 NNW   53259 218       1        
9    118  35.567344 129.351425 648  07/07/2020 05:25:27 666  11.40  291.94 4.26  WNW   9157     331.00 NNW   53753 220       1        
9    118  35.567352 129.351409 724  07/07/2020 05:25:28 742  11.50  293.61 1.48  WNW   9157     331.00 NNW   54247 222       1        
9    118  35.567352 129.351409 797  07/07/2020 05:25:29 815  11.50  289.17 1.11  WNW   9157     331.00 NNW   54741 224       1        
9    118  35.567352 129.351409 878  07/07/2020 05:25:31 62   11.50  233.24 4.06  SW    9157     331.00 NNW   55450 228       1        
9    118  35.567352 129.351409 96   07/07/2020 05:25:32 155  11.50  235.31 1.04  SW    9157     331.00 NNW   56132 230       1        
9    118  35.567352 129.351409 283  07/07/2020 05:25:33 344  11.30  224.45 0.41  SW    9157     331.00 NNW   56723 232       1        
9    118  35.567356 129.351394 375  07/07/2020 05:25:34 392  11.30  168.56 7.07  SSE   9157     331.00 NNW   57219 234       1        
9    118  35.567352 129.351409 452  07/07/2020 05:25:35 469  11.50  124.60 7.93  SE    9157     331.00 NNW   57715 236       1        
9    130  35.567348 129.351394 529  07/07/2020 05:25:36 547  11.50  120.47 2.76  ESE   9157     331.00 NNW   58211 238       1        
9    130  35.567356 129.351394 604  07/07/2020 05:25:37 622  11.40  113.68 2.48  ESE   9157     331.00 NNW   58707 240       1        
8    130  35.567348 129.351379 681  07/07/2020 05:25:38 700  11.40  219.07 4.91  SW    9157     331.00 NNW   59199 242       1        
9    118  35.567340 129.351364 753  07/07/2020 05:25:39 770  11.40  220.95 4.83  SW    9157     331.00 NNW   59695 244       1        
9    118  35.567310 129.351348 825  07/07/2020 05:25:40 842  11.30  192.22 4.57  SSW   9157     331.00 NNW   60283 247       1        
9    118  35.567298 129.351318 79   07/07/2020 05:25:42 159  11.20  228.86 5.37  SW    9157     331.00 NNW   60978 250       1        
9    118  35.567291 129.351303 166  07/07/2020 05:25:43 227  11.30  226.49 2.78  SW    9157     331.00 NNW   61653 252       1        
9    118  35.567287 129.351287 355  07/07/2020 05:25:44 379  11.30  221.33 3.80  SW    9157     331.00 NNW   62175 254       1        
9    118  35.567287 129.351257 425  07/07/2020 05:25:45 443  11.30  271.09 4.87  W     9157     331.00 NNW   62671 256       1        
9    131  35.567295 129.351242 504  07/07/2020 05:25:46 521  11.30  312.49 4.07  NW    9157     331.00 NNW   63167 258       1        
9    131  35.567298 129.351242 577  07/07/2020 05:25:47 595  11.30  316.19 2.04  NW    9157     331.00 NNW   63663 260       1        
9    118  35.567310 129.351226 649  07/07/2020 05:25:48 668  11.30  330.26 5.61  NNW   9157     331.00 NNW   64157 262       1        
9    118  35.567321 129.351211 727  07/07/2020 05:25:49 744  11.30  313.86 4.82  NW    9157     331.00 NNW   64651 264       1        
9    118  35.567325 129.351196 798  07/07/2020 05:25:50 817  11.30  313.18 3.22  NW    9157     331.00 NNW   65145 266       1        
9    118  35.567321 129.351165 885  07/07/2020 05:25:52 76   11.30  258.00 2.76  WSW   9157     331.00 NNW   65866 270       1        
9    118  35.567302 129.351135 101  07/07/2020 05:25:53 164  11.50  252.21 6.83  WSW   9157     331.00 NNW   66541 272       1        
9    118  35.567302 129.351135 289  07/07/2020 05:25:54 350  11.50  252.64 3.54  WSW   9157     331.00 NNW   67121 274       1        
9    118  35.567310 129.351119 378  07/07/2020 05:25:55 396  11.50  256.97 3.33  WSW   9157     331.00 NNW   67615 276       1        
9    118  35.567321 129.351104 452  07/07/2020 05:25:56 470  11.60  261.39 2.28  W     9157     331.00 NNW   68109 278       1        
9    118  35.567344 129.351104 523  07/07/2020 05:25:57 542  11.40  329.13 8.65  NNW   9157     331.00 NNW   68603 280       1        
9    118  35.567363 129.351135 599  07/07/2020 05:25:58 617  11.60  308.92 6.35  NW    9157     331.00 NNW   69097 282     
9    118  35.567382 129.351135 673  07/07/2020 05:25:59 690  11.60  332.12 6.80  NNW   9157     331.00 NNW   69591 284       1        
9    118  35.567405 129.351135 748  07/07/2020 05:26:00 766  11.50  355.01 6.78  N     9157     331.00 NNW   70085 286       1        
9    118  35.567420 129.351150 824  07/07/2020 05:26:01 842  11.50  347.26 4.85  NNW   9157     331.00 NNW   70659 289       1        
9    118  35.567455 129.351165 64   07/07/2020 05:26:03 134  11.50  6.24   6.78  N     9157     331.00 NNW   71341 292       1        
9    118  35.567455 129.351165 153  07/07/2020 05:26:04 214  11.60  7.67   2.11  N     9157     331.00 NNW   72011 294       1        
9    118  35.567459 129.351165 335  07/07/2020 05:26:05 375  12.00  356.64 6.09  N     9157     331.00 NNW   72543 296       1        
9    118  35.567462 129.351165 413  07/07/2020 05:26:06 430  12.10  345.08 5.13  NNW   9157     331.00 NNW   73037 298       1        
9    118  35.567478 129.351165 488  07/07/2020 05:26:07 507  12.10  344.14 5.57  NNW   9157     331.00 NNW   73531 300       1        
9    118  35.567504 129.351165 563  07/07/2020 05:26:08 581  12.10  351.59 8.15  N     9157     331.00 NNW   74025 302       1        
9    118  35.567512 129.351165 641  07/07/2020 05:26:09 660  12.10  9.86   4.35  N     9157     331.00 NNW   74515 304       1        
9    118  35.567527 129.351165 714  07/07/2020 05:26:10 731  12.10  12.38  8.69  NNE   9157     331.00 NNW   75007 306       1        
9    118  35.567531 129.351165 786  07/07/2020 05:26:11 803  12.00  353.40 5.78  N     9157     331.00 NNW   75501 308       1        
9    118  35.567516 129.351150 869  07/07/2020 05:26:13 65   12.10  4.17   6.41  N     9157     331.00 NNW   76210 312       1        
9    118  35.567527 129.351135 87   07/07/2020 05:26:14 148  11.90  344.76 7.24  NNW   9157     331.00 NNW   76879 314       1        
9    118  35.567550 129.351119 278  07/07/2020 05:26:15 338  11.90  346.60 7.37  NNW   9157     331.00 NNW   77473 316       1        
9    123  35.567569 129.351119 372  07/07/2020 05:26:16 389  11.90  13.33  5.52  NNE   9157     331.00 NNW   77965 318       1        
9    118  35.567592 129.351089 444  07/07/2020 05:26:17 462  11.80  335.56 4.30  NNW   9157     331.00 NNW   78459 320       1        
9    118  35.567596 129.351089 516  07/07/2020 05:26:18 534  11.80  340.73 1.20  NNW   9157     331.00 NNW   78953 322       1        
9    118  35.567611 129.351104 595  07/07/2020 05:26:19 614  11.80  35.30  5.48  NE    9157     331.00 NNW   79445 324       1        
9    118  35.567680 129.350997 667  07/07/2020 05:26:20 685  11.50  261.52 6.96  W     9157     331.00 NNW   79939 326       1        
9    131  35.567687 129.350982 744  07/07/2020 05:26:21 762  11.50  268.16 3.15  W     9157     331.00 NNW   80433 328       1        
8    131  35.567680 129.350997 818  07/07/2020 05:26:22 836  11.50  141.99 6.54  SE    9157     331.00 NNW   80993 330       1        
9    118  35.567722 129.350982 57   07/07/2020 05:26:24 117  11.50  162.11 8.63  SSE   9157     331.00 NNW   81689 334       1        
9    118  35.567726 129.350952 143  07/07/2020 05:26:25 203  11.70  102.67 8.46  ESE   9157     331.00 NNW   82368 336       1        
9    126  35.567749 129.350982 332  07/07/2020 05:26:26 378  11.80  47.39  13.96 NE    9157     331.00 NNW   82914 338       1        
9    118  35.567771 129.350967 408  07/07/2020 05:26:27 426  12.00  37.24  6.35  NE    9157     331.00 NNW   83408 340       1        
9    118  35.567783 129.350967 481  07/07/2020 05:26:28 501  12.10  39.55  3.20  NE    9157     331.00 NNW   83902 342       1        
9    118  35.567802 129.350952 559  07/07/2020 05:26:29 579  12.20  10.82  7.04  N     9157     331.00 NNW   84396 344       1        
9    118  35.567813 129.350952 635  07/07/2020 05:26:30 653  12.30  12.55  2.72  NNE   9157     331.00 NNW   84890 346       1        
9    118  35.567817 129.350967 700  07/07/2020 05:26:31 719  12.30  67.42  5.28  ENE   9157     331.00 NNW   85384 348       1        
9    118  35.567832 129.350936 777  07/07/2020 05:26:32 794  12.30  328.61 4.07  NNW   9157     331.00 NNW   85880 350       1        
9    131  35.567867 129.350875 861  07/07/2020 05:26:34 62   12.40  300.95 37.34 WNW   9157     331.00 NNW   86591 354       1        
9    131  35.567958 129.350646 87   07/07/2020 05:26:35 144  12.70  300.04 42.06 WNW   9157     331.00 NNW   87268 356       1        
9    131  35.568000 129.350524 272  07/07/2020 05:26:36 331  12.80  299.83 42.63 WNW   9157     331.00 NNW   87868 358       1        
9    118  35.568023 129.350463 362  07/07/2020 05:26:37 379  13.00  299.89 25.80 WNW   9157     331.00 NNW   88365 360       1        
9    118  35.568023 129.350448 440  07/07/2020 05:26:38 458  13.10  310.63 9.43  NW    9157     331.00 NNW   88859 362       1        
9    118  35.568027 129.350463 516  07/07/2020 05:26:39 533  13.20  323.40 8.02  NW    9157     331.00 NNW   89353 364       1        
9    118  35.568031 129.350479 588  07/07/2020 05:26:40 606  13.20  306.97 6.91  NW    9157     331.00 NNW   89847 366       1        
9    118  35.568027 129.350494 664  07/07/2020 05:26:41 682  13.20  308.32 1.74  NW    9157     331.00 NNW   90341 368       1        
9    118  35.568042 129.350494 739  07/07/2020 05:26:42 757  13.20  340.77 9.96  NNW   9157     331.00 NNW   90835 370       1        
9    118  35.568038 129.350540 812  07/07/2020 05:26:43 830  13.40  317.70 4.83  NW    9157     331.00 NNW   91357 372       1        
9    118  35.568008 129.350570 914  07/07/2020 05:26:45 90   13.30  319.67 1.30  NW    9157     331.00 NNW   92065 376       1        
9    118  35.568004 129.350616 117  07/07/2020 05:26:46 176  13.40  322.93 2.43  NW    9157     331.00 NNW   92740 378       1        
9    118  35.568008 129.350646 302  07/07/2020 05:26:47 362  13.40  327.80 3.22  NNW   9157     331.00 NNW   93307 380       1        
9    118  35.568016 129.350677 397  07/07/2020 05:26:48 414  13.40  40.95  3.87  NE    9157     331.00 NNW   93799 382       1        
9    118  35.568016 129.350677 472  07/07/2020 05:26:49 489  13.40  39.80  2.61  NE    9157     331.00 NNW   94293 384       1        
9    118  35.568008 129.350677 548  07/07/2020 05:26:50 566  13.40  36.12  1.19  NE    9157     331.00 NNW   94787 386       1        
8    146  35.567996 129.350677 624  07/07/2020 05:26:51 641  13.40  47.29  0.85  NE    9157     331.00 NNW   95277 388       1        
9    118  35.568000 129.350677 694  07/07/2020 05:26:52 712  13.40  39.04  1.15  NE    9157     331.00 NNW   95769 390       1        
9    118  35.568008 129.350677 770  07/07/2020 05:26:53 789  13.40  33.36  1.98  NNE   9157     331.00 NNW   96261 392       1        
9    118  35.568008 129.350677 844  07/07/2020 05:26:54 861  13.40  28.22  3.39  NNE   9157     331.00 NNW   96892 395       1        
9    118  35.568008 129.350677 141  07/07/2020 05:26:56 87   13.50  17.88  3.26  NNE   9157     331.00 NNW   97577 398       1        
9    118  35.568008 129.350708 212  07/07/2020 05:26:57 274  13.50  18.46  0.83  NNE   9157     331.00 NNW   98229 400       1        
9    118  35.568008 129.350708 361  07/07/2020 05:26:58 378  13.50  13.12  0.74  NNE   9157     331.00 NNW   98721 402       1        
9    118  35.568027 129.350708 438  07/07/2020 05:26:59 455  13.50  9.97   2.02  N     9157     331.00 NNW   99211 404       1        
9    118  35.568035 129.350708 512  07/07/2020 05:27:00 529  13.50  6.99   2.30  N     9157     331.00 NNW   99701 406       1        
9    118  35.568046 129.350708 589  07/07/2020 05:27:01 606  13.60  4.57   2.44  N     9157     331.00 NNW   10019 408       1        
9    118  35.568035 129.350708 658  07/07/2020 05:27:02 676  13.60  357.84 1.04  N     9157     331.00 NNW   10068 410       1        
8    130  35.568019 129.350708 736  07/07/2020 05:27:03 754  13.60  348.29 2.89  NNW   9157     331.00 NNW   10117 412       1        
9    130  35.568027 129.350708 809  07/07/2020 05:27:04 828  13.60  339.23 1.28  NNW   9157     331.00 NNW   10169 414       1        
9    130  35.568035 129.350708 909  07/07/2020 05:27:06 94   13.60  340.53 2.17  NNW   9157     331.00 NNW   10240 418       1        
8    135  35.568019 129.350769 119  07/07/2020 05:27:07 180  13.70  114.50 5.17  ESE   9157     331.00 NNW   10307 420       1        
7    185  35.568000 129.350830 307  07/07/2020 05:27:08 366  13.70  115.09 8.07  ESE   9157     331.00 NNW   10363 422       1        
9    123  35.568000 129.350860 388  07/07/2020 05:27:09 407  13.70  108.78 8.98  ESE   9157     331.00 NNW   10412 424       1        
7    185  35.567993 129.350860 466  07/07/2020 05:27:10 483  13.70  113.98 6.74  ESE   9157     331.00 NNW   10461 426       1        
6    234  35.567989 129.350875 544  07/07/2020 05:27:11 561  13.70  113.62 6.32  ESE   9157     331.00 NNW   10510 428       1        
6    234  35.567989 129.350875 1618 07/07/2020 05:27:11 1635 13.70  113.62 6.32  ESE   9157     331.00 NNW   10546 428       1        
6    234  35.567989 129.350875 2692 07/07/2020 05:27:11 2709 13.70  113.62 6.32  ESE   9157     331.00 NNW   10583 428       1        
6    234  35.567989 129.350875 3766 07/07/2020 05:27:11 3783 13.70  113.62 6.32  ESE   9157     331.00 NNW   10619 428       1        
6    234  35.567989 129.350875 4846 07/07/2020 05:27:11 4908 13.70  113.62 6.32  ESE   9157     331.00 NNW   10674 428       1        
6    234  35.567989 129.350875 6036 07/07/2020 05:27:11 6096 13.70  113.62 6.32  ESE   9157     331.00 NNW   10727 428       1        
6    234  35.567989 129.350875 7199 07/07/2020 05:27:11 7216 13.70  113.62 6.32  ESE   9157     331.00 NNW   10763 428       1        
6    234  35.567989 129.350875 8273 07/07/2020 05:27:11 8290 13.70  113.62 6.32  ESE   9157     331.00 NNW   10798 428       1        
6    234  35.567989 129.350875 9347 07/07/2020 05:27:11 9364 13.70  113.62 6.32  ESE   9157     331.00 NNW   10834 428       1        
6    234  35.567989 129.350875 1042 07/07/2020 05:27:11 1043 13.70  113.62 6.32  ESE   9157     331.00 NNW   10871 428       1        
6    234  35.567989 129.350875 1149 07/07/2020 05:27:11 1151 13.70  113.62 6.32  ESE   9157     331.00 NNW   10908 428       1        
6    234  35.567989 129.350875 1256 07/07/2020 05:27:11 1258 13.70  113.62 6.32  ESE   9157     331.00 NNW   10944 428       1        
6    234  35.567989 129.350875 1364 07/07/2020 05:27:11 1365 13.70  113.62 6.32  ESE   9157     331.00 NNW   10980 428       1        
6    234  35.567989 129.350875 1471 07/07/2020 05:27:11 1473 13.70  113.62 6.32  ESE   9157     331.00 NNW   11016 428       1        
6    234  35.567989 129.350875 1578 07/07/2020 05:27:11 1580 13.70  113.62 6.32  ESE   9157     331.00 NNW   11056 428       1        
6    234  35.567989 129.350875 1688 07/07/2020 05:27:11 1694 13.70  113.62 6.32  ESE   9157     331.00 NNW   11111 428       1        
6    234  35.567989 129.350875 1807 07/07/2020 05:27:11 1813 13.70  113.62 6.32  ESE   9157     331.00 NNW   11161 428       1        
6    234  35.567989 129.350875 1919 07/07/2020 05:27:11 1921 13.70  113.62 6.32  ESE   9157     331.00 NNW   11197 428       1        
6    234  35.567989 129.350875 2026 07/07/2020 05:27:11 2028 13.70  113.62 6.32  ESE   9157     331.00 NNW   11233 428       1        
6    234  35.567989 129.350875 2134 07/07/2020 05:27:11 2136 13.70  113.62 6.32  ESE   9157     331.00 NNW   11268 428       1        
6    234  35.567989 129.350875 2241 07/07/2020 05:27:11 2243 13.70  113.62 6.32  ESE   9157     331.00 NNW   11304 428       1        
6    234  35.567989 129.350875 2348 07/07/2020 05:27:11 2350 13.70  113.62 6.32  ESE   9157     331.00 NNW   11339 428       1        
6    234  35.567989 129.350875 2456 07/07/2020 05:27:11 2458 13.70  113.62 6.32  ESE   9157     331.00 NNW   11375 428       1        
6    234  35.567989 129.350875 2563 07/07/2020 05:27:11 2565 13.70  113.62 6.32  ESE   9157     331.00 NNW   11410 428       1        
6    234  35.567989 129.350875 2671 07/07/2020 05:27:11 2672 13.70  113.62 6.32  ESE   9157     331.00 NNW   11446 428       1        
6    234  35.567989 129.350875 2778 07/07/2020 05:27:11 2780 13.70  113.62 6.32  ESE   9157     331.00 NNW   11487 428       1        
6    234  35.567989 129.350875 2888 07/07/2020 05:27:11 2894 13.70  113.62 6.32  ESE   9157     331.00 NNW   11540 428       1        
6    234  35.567989 129.350875 3007 07/07/2020 05:27:11 3013 13.70  113.62 6.32  ESE   9157     331.00 NNW   11588 428       1        
6    234  35.567989 129.350875 3118 07/07/2020 05:27:11 3120 13.70  113.62 6.32  ESE   9157     331.00 NNW   11624 428       1        
6    234  35.567989 129.350875 3226 07/07/2020 05:27:11 3228 13.70  113.62 6.32  ESE   9157     331.00 NNW   11660 428       1        
6    234  35.567989 129.350875 3333 07/07/2020 05:27:11 3335 13.70  113.62 6.32  ESE   9157     331.00 NNW   11696 428       1        
6    234  35.567989 129.350875 3441 07/07/2020 05:27:11 3442 13.70  113.62 6.32  ESE   9157     331.00 NNW   11732 428       1        
6    234  35.567989 129.350875 3548 07/07/2020 05:27:11 3550 13.70  113.62 6.32  ESE   9157     331.00 NNW   11767 428       1        
6    234  35.567989 129.350875 3655 07/07/2020 05:27:11 3657 13.70  113.62 6.32  ESE   9157     331.00 NNW   11803 428       1        
6    234  35.567989 129.350875 3763 07/07/2020 05:27:11 3764 13.70  113.62 6.32  ESE   9157     331.00 NNW   11839 428       1        
6    234  35.567989 129.350875 3870 07/07/2020 05:27:11 3872 13.70  113.62 6.32  ESE   9157     331.00 NNW   11874 428       1        
6    234  35.567989 129.350875 3977 07/07/2020 05:27:11 3979 13.70  113.62 6.32  ESE   9157     331.00 NNW   11917 428       1        
