Sats HDOP Latitude  Longitude  Fix  Date       Time     Date Alt    Course Speed Card  Distance Course Card  Chars Sentences Checksum
          (deg)     (deg)      Age                      Age  (m)    --- from GPS ----  ---- to London  ----  RX    RX        Fail
3    935  35.567028 129.351272 633  07/07/2020 04:36:23 652  -4.20  343.67 1.50  NNW   9157     331.00 NNW   13315 2         0        
3    936  35.567031 129.351318 708  07/07/2020 04:36:24 725  -3.50  258.85 4.06  W     9157     331.00 NNW   13753 4         0        
3    936  35.567031 129.351333 782  07/07/2020 04:36:25 800  -2.90  259.07 4.00  W     9157     331.00 NNW   14191 6         0        
3    936  35.567031 129.351348 861  07/07/2020 04:36:27 47   -2.50  260.52 1.22  W     9157     331.00 NNW   14840 10        0        
3    936  35.567035 129.351394 84   07/07/2020 04:36:28 144  -2.10  260.33 0.63  W     9157     331.00 NNW   15456 12        0        
5    281  35.567043 129.351852 255  07/07/2020 04:36:29 316  6.70   253.27 1.28  WSW   9157     331.01 NNW   15956 14        0        
5    281  35.567050 129.351867 353  07/07/2020 04:36:30 373  8.50   243.91 0.57  WSW   9157     331.01 NNW   16407 16        0        
5    281  35.567054 129.351867 441  07/07/2020 04:36:31 458  10.30  243.91 0.17  WSW   9157     331.01 NNW   16847 18        0        
5    281  35.567058 129.351867 502  07/07/2020 04:36:32 521  11.20  250.54 0.50  WSW   9157     331.01 NNW   17299 20        0        
5    281  35.567062 129.351882 578  07/07/2020 04:36:33 597  11.90  252.27 0.52  WSW   9157     331.01 NNW   17751 22        0        
5    281  35.567062 129.351882 650  07/07/2020 04:36:34 668  12.50  254.45 0.65  WSW   9157     331.01 NNW   18203 24        0        
8    146  35.567066 129.351882 720  07/07/2020 04:36:35 738  12.30  254.45 0.24  WSW   9157     331.01 NNW   18664 26        0        
8    146  35.567073 129.351882 802  07/07/2020 04:36:36 819  12.50  254.45 0.24  WSW   9157     331.01 NNW   19125 28        0        
8    146  35.567073 129.351882 884  07/07/2020 04:36:38 69   12.40  246.59 0.67  WSW   9157     331.01 NNW   19805 32        0        
8    146  35.567077 129.351882 106  07/07/2020 04:36:39 166  12.60  246.59 0.15  WSW   9157     331.01 NNW   20458 34        0        
8    146  35.567081 129.351882 279  07/07/2020 04:36:40 338  12.70  251.50 0.67  WSW   9157     331.01 NNW   20993 36        0        
8    146  35.567081 129.351882 382  07/07/2020 04:36:41 401  12.80  251.50 0.24  WSW   9157     331.01 NNW   21454 38        0        
8    146  35.567081 129.351882 458  07/07/2020 04:36:42 477  12.80  251.50 0.30  WSW   9157     331.01 NNW   21915 40        0        
8    146  35.567081 129.351882 520  07/07/2020 04:36:43 537  12.90  258.40 0.46  WSW   9157     331.01 NNW   22388 42        0        
8    146  35.567081 129.351882 593  07/07/2020 04:36:44 610  13.00  266.64 0.70  W     9157     331.01 NNW   22861 44        0        
8    146  35.567081 129.351882 681  07/07/2020 04:36:45 698  13.10  266.64 0.15  W     9157     331.01 NNW   23322 46        0        
8    146  35.567081 129.351882 756  07/07/2020 04:36:46 773  13.20  266.64 0.02  W     9157     331.01 NNW   23783 48        0        
8    146  35.567081 129.351882 816  07/07/2020 04:36:47 834  13.20  257.65 0.43  WSW   9157     331.01 NNW   24331 51        0        
8    146  35.567077 129.351882 61   07/07/2020 04:36:49 131  13.20  250.09 0.22  WSW   9157     331.01 NNW   24999 54        0        
8    146  35.567077 129.351882 143  07/07/2020 04:36:50 204  13.00  244.83 0.57  WSW   9157     331.01 NNW   25637 56        0        
8    146  35.567077 129.351882 337  07/07/2020 04:36:51 356  12.90  244.83 0.28  WSW   9157     331.01 NNW   26124 58        0        
8    146  35.567077 129.351882 400  07/07/2020 04:36:52 417  12.80  240.68 0.61  WSW   9157     331.01 NNW   26597 60        0        
8    146  35.567077 129.351882 485  07/07/2020 04:36:53 502  12.80  240.68 0.07  WSW   9157     331.01 NNW   27058 62        0        
8    146  35.567081 129.351882 558  07/07/2020 04:36:54 576  12.80  240.68 0.31  WSW   9157     331.01 NNW   27519 64        0        
8    146  35.567081 129.351882 622  07/07/2020 04:36:55 640  12.80  247.45 0.43  WSW   9157     331.01 NNW   27992 66        0        
8    146  35.567081 129.351882 695  07/07/2020 04:36:56 712  12.90  243.83 0.57  WSW   9157     331.01 NNW   28465 68        0        
8    146  35.567081 129.351882 783  07/07/2020 04:36:57 800  13.00  243.83 0.22  WSW   9157     331.01 NNW   28926 70        0        
8    146  35.567081 129.351882 845  07/07/2020 04:36:58 863  13.20  243.14 0.50  WSW   9157     331.01 NNW   29511 73        0        
8    146  35.567081 129.351882 108  07/07/2020 04:37:00 71   13.30  238.45 0.30  WSW   9157     331.01 NNW   30180 76        0        
8    146  35.567081 129.351882 185  07/07/2020 04:37:01 246  13.40  228.49 0.46  SW    9157     331.01 NNW   30806 78        0        
8    146  35.567085 129.351882 341  07/07/2020 04:37:02 359  13.50  225.73 0.89  SW    9157     331.01 NNW   31279 80        0        
8    147  35.567085 129.351882 417  07/07/2020 04:37:03 434  13.50  223.52 0.37  SW    9157     331.01 NNW   31752 82        0        
8    147  35.567085 129.351882 492  07/07/2020 04:37:04 510  13.60  222.35 0.35  SW    9157     331.01 NNW   32225 84        0        
9    115  35.567089 129.351882 572  07/07/2020 04:37:05 590  13.70  222.35 0.20  SW    9157     331.01 NNW   32693 86        0        
9    115  35.567089 129.351882 637  07/07/2020 04:37:06 654  13.80  233.09 0.44  SW    9157     331.01 NNW   33173 88        0        
9    115  35.567089 129.351898 724  07/07/2020 04:37:07 741  13.90  233.09 0.28  SW    9157     331.01 NNW   33641 90        0        
9    115  35.567092 129.351898 787  07/07/2020 04:37:08 805  13.80  239.58 0.35  WSW   9157     331.01 NNW   34121 92        0        
9    115  35.567096 129.351882 870  07/07/2020 04:37:10 65   13.70  241.58 0.72  WSW   9157     331.01 NNW   34818 96        0        
9    115  35.567092 129.351898 90   07/07/2020 04:37:11 150  13.70  237.24 1.07  WSW   9157     331.01 NNW   35478 98        0        
9    115  35.567089 129.351898 276  07/07/2020 04:37:12 338  13.70  233.17 1.02  SW    9157     331.01 NNW   36041 100       0        
9    115  35.567089 129.351898 379  07/07/2020 04:37:13 396  13.70  233.17 0.22  SW    9157     331.01 NNW   36509 102       0        
9    115  35.567089 129.351898 441  07/07/2020 04:37:14 460  13.70  229.62 1.43  SW    9157     331.01 NNW   36989 104       0        
9    115  35.567085 129.351898 515  07/07/2020 04:37:15 533  13.80  227.37 0.37  SW    9157     331.01 NNW   37469 106       0        
9    115  35.567085 129.351898 602  07/07/2020 04:37:16 620  13.70  227.37 0.17  SW    9157     331.01 NNW   37937 108       0        
9    115  35.567085 129.351898 664  07/07/2020 04:37:17 682  13.80  227.39 0.43  SW    9157     331.01 NNW   38417 110       0        
9    115  35.567085 129.351882 739  07/07/2020 04:37:18 758  13.80  234.09 0.48  SW    9157     331.01 NNW   38897 112       0        
9    115  35.567085 129.351882 813  07/07/2020 04:37:19 831  13.70  239.58 0.46  WSW   9157     331.01 NNW   39447 114       0        
9    115  35.567081 129.351898 53   07/07/2020 04:37:21 115  13.80  233.58 0.28  SW    9157     331.01 NNW   40120 118       0        
9    115  35.567081 129.351898 135  07/07/2020 04:37:22 195  13.80  239.99 1.04  WSW   9157     331.01 NNW   40764 120       0        
9    115  35.567081 129.351898 338  07/07/2020 04:37:23 363  13.80  239.99 0.31  WSW   9157     331.01 NNW   41273 122       0        
9    115  35.567081 129.351898 409  07/07/2020 04:37:24 426  13.90  239.99 0.30  WSW   9157     331.01 NNW   41741 124       0        
9    115  35.567081 129.351898 483  07/07/2020 04:37:25 501  14.00  239.99 0.11  WSW   9157     331.01 NNW   42209 126       0        
9    115  35.567085 129.351898 545  07/07/2020 04:37:26 563  14.10  242.35 0.43  WSW   9157     331.01 NNW   42689 128       0        
9    115  35.567085 129.351898 632  07/07/2020 04:37:27 650  14.20  242.35 0.26  WSW   9157     331.01 NNW   43157 130       0        
9    115  35.567085 129.351898 686  07/07/2020 04:37:28 705  14.30  236.82 0.37  WSW   9157     331.01 NNW   43637 132       0        
9    115  35.567089 129.351898 780  07/07/2020 04:37:29 798  14.40  236.82 0.26  WSW   9157     331.01 NNW   44105 134       0        
9    115  35.567089 129.351898 842  07/07/2020 04:37:30 859  14.50  239.09 0.39  WSW   9157     331.01 NNW   44698 137       0        
9    115  35.567089 129.351898 99   07/07/2020 04:37:32 46   14.60  243.26 0.74  WSW   9157     331.01 NNW   45373 140       0        
9    115  35.567092 129.351898 197  07/07/2020 04:37:33 259  14.60  243.26 0.33  WSW   9157     331.01 NNW   46013 142       0        
9    115  35.567092 129.351898 332  07/07/2020 04:37:34 362  14.60  251.41 0.39  WSW   9157     331.01 NNW   46493 144       0        
9    115  35.567092 129.351898 424  07/07/2020 04:37:35 441  14.70  251.41 0.06  WSW   9157     331.01 NNW   46961 146       0        
9    115  35.567092 129.351898 485  07/07/2020 04:37:36 504  14.70  250.86 0.37  WSW   9157     331.01 NNW   47433 148       0        
9    115  35.567089 129.351898 575  07/07/2020 04:37:37 592  14.70  250.86 0.02  WSW   9157     331.01 NNW   47893 150       0        
9    116  35.567089 129.351898 648  07/07/2020 04:37:38 666  14.70  250.86 0.20  WSW   9157     331.01 NNW   48353 152       0        
9    116  35.567089 129.351898 711  07/07/2020 04:37:39 729  14.60  257.93 0.46  WSW   9157     331.01 NNW   48825 154       0        
9    116  35.567089 129.351898 784  07/07/2020 04:37:40 802  14.60  259.04 0.76  W     9157     331.01 NNW   49297 156       0        
9    116  35.567089 129.351898 882  07/07/2020 04:37:42 66   14.50  259.04 0.13  W     9157     331.01 NNW   49974 160       0        
9    147  35.567092 129.351898 93   07/07/2020 04:37:43 154  14.40  262.35 1.69  W     9157     331.01 NNW   50617 162       0        
9    147  35.567092 129.351882 280  07/07/2020 04:37:44 341  14.40  263.75 1.89  W     9157     331.01 NNW   51161 164       0        
9    147  35.567096 129.351882 368  07/07/2020 04:37:45 387  14.30  268.87 1.37  W     9157     331.01 NNW   51633 166       0        
9    147  35.567100 129.351882 444  07/07/2020 04:37:46 461  14.30  277.19 2.61  W     9157     331.01 NNW   52105 168       0        
9    147  35.567096 129.351882 517  07/07/2020 04:37:47 535  14.40  268.73 0.87  W     9157     331.01 NNW   52577 170       0        
9    116  35.567092 129.351898 593  07/07/2020 04:37:48 611  14.40  261.75 1.80  W     9157     331.01 NNW   53049 172       0        
9    116  35.567089 129.351898 667  07/07/2020 04:37:49 685  14.40  256.83 2.74  WSW   9157     331.01 NNW   53521 174       0        
9    116  35.567096 129.351898 742  07/07/2020 04:37:50 760  14.40  262.76 3.20  W     9157     331.01 NNW   53993 176       0        
9    116  35.567104 129.351898 821  07/07/2020 04:37:51 839  14.40  3.61   4.89  N     9157     331.01 NNW   54534 179       0        
9    116  35.567108 129.351898 58   07/07/2020 04:37:53 121  14.40  8.76   3.50  N     9157     331.01 NNW   55196 182       0        
9    116  35.567104 129.351898 143  07/07/2020 04:37:54 204  14.50  17.21  2.52  NNE   9157     331.01 NNW   55842 184       0        
9    116  35.567104 129.351898 329  07/07/2020 04:37:55 355  14.40  10.52  1.74  N     9157     331.01 NNW   56337 186       0        
9    116  35.567115 129.351882 402  07/07/2020 04:37:56 421  14.40  346.34 7.24  NNW   9157     331.01 NNW   56809 188       0        
9    116  35.567127 129.351898 479  07/07/2020 04:37:57 496  14.40  11.12  5.39  N     9157     331.01 NNW   57279 190       0        
9    116  35.567142 129.351882 547  07/07/2020 04:37:58 564  14.40  314.70 8.04  NW    9157     331.01 NNW   57751 192       0        
9    116  35.567161 129.351852 624  07/07/2020 04:37:59 641  14.40  298.77 14.17 WNW   9157     331.01 NNW   58224 194       0        
9    150  35.567150 129.351806 700  07/07/2020 04:38:00 718  14.50  272.01 11.67 W     9157     331.01 NNW   58697 196       0        
9    116  35.567131 129.351791 775  07/07/2020 04:38:01 792  14.50  244.87 10.72 WSW   9157     331.01 NNW   59170 198       0        
8    116  35.567115 129.351760 858  07/07/2020 04:38:02 937  14.50  169.18 5.72  S     9157     331.01 NNW   59846 202       0        
9    116  35.567096 129.351760 74   07/07/2020 04:38:04 134  14.60  237.27 3.82  WSW   9157     331.01 NNW   60488 204       0        
9    116  35.567108 129.351745 266  07/07/2020 04:38:05 328  14.60  317.34 6.57  NW    9157     331.01 NNW   61050 206       0        
9    116  35.567115 129.351745 357  07/07/2020 04:38:06 375  14.60  315.51 6.22  NW    9157     331.01 NNW   61522 208       0        
9    116  35.567115 129.351745 430  07/07/2020 04:38:07 448  14.60  316.99 1.35  NW    9157     331.01 NNW   61994 210       0        
8    116  35.567119 129.351745 509  07/07/2020 04:38:08 526  14.70  56.32  3.76  ENE   9157     331.01 NNW   62462 212       0        
8    116  35.567119 129.351745 584  07/07/2020 04:38:09 601  14.70  52.63  2.07  NE    9157     331.01 NNW   62928 214       0        
8    116  35.567119 129.351745 656  07/07/2020 04:38:10 674  14.70  275.49 5.09  W     9157     331.01 NNW   63396 216       0        
8    116  35.567119 129.351730 732  07/07/2020 04:38:11 750  14.70  275.86 2.96  W     9157     331.01 NNW   63864 218       0        
9    116  35.567115 129.351730 804  07/07/2020 04:38:12 822  14.70  264.12 5.17  W     9157     331.01 NNW   64342 220       0        
9    116  35.567104 129.351730 903  07/07/2020 04:38:14 86   14.80  303.03 4.74  WNW   9157     331.01 NNW   65043 224       0        
9    116  35.567111 129.351730 112  07/07/2020 04:38:15 171  14.80  47.90  4.02  NE    9157     331.01 NNW   65692 226       0        
9    116  35.567108 129.351730 297  07/07/2020 04:38:16 352  14.80  37.69  1.85  NE    9157     331.01 NNW   66218 228       0        
9    116  35.567111 129.351730 379  07/07/2020 04:38:17 398  14.80  34.33  2.24  NE    9157     331.01 NNW   66688 230       0        
9    116  35.567127 129.351730 451  07/07/2020 04:38:18 469  14.80  354.97 5.85  N     9157     331.01 NNW   67160 232       0        
9    116  35.567150 129.351730 526  07/07/2020 04:38:19 544  14.90  335.56 8.80  NNW   9157     331.01 NNW   67632 234       0        
8    116  35.567165 129.351730 607  07/07/2020 04:38:20 624  14.90  6.83   5.56  N     9157     331.01 NNW   68098 236       0        
9    116  35.567173 129.351730 673  07/07/2020 04:38:21 692  14.90  2.26   4.80  N     9157     331.01 NNW   68566 238       0        
9    116  35.567184 129.351730 752  07/07/2020 04:38:22 769  14.90  32.89  4.22  NNE   9157     331.01 NNW   69036 240       0        
9    116  35.567184 129.351730 826  07/07/2020 04:38:23 845  14.90  29.73  1.44  NNE   9157     331.01 NNW   69599 243       0        
9    116  35.567211 129.351730 82   07/07/2020 04:38:25 160  14.90  4.36   5.15  N     9157     331.01 NNW   70265 246       0        
8    120  35.567218 129.351730 170  07/07/2020 04:38:26 231  15.00  31.54  4.26  NNE   9157     331.01 NNW   70906 248       0        
8    116  35.567214 129.351745 333  07/07/2020 04:38:27 350  15.00  95.42  3.98  E     9157     331.01 NNW   71372 250       0        
9    116  35.567214 129.351776 406  07/07/2020 04:38:28 424  15.00  89.34  11.83 E     9157     331.01 NNW   71843 252       0        
9    116  35.567218 129.351791 482  07/07/2020 04:38:29 501  15.00  87.76  3.44  E     9157     331.01 NNW   72313 254       0        
9    116  35.567218 129.351791 555  07/07/2020 04:38:30 572  15.00  289.98 3.82  WNW   9157     331.01 NNW   72785 256       0        
8    116  35.567237 129.351760 632  07/07/2020 04:38:31 650  15.00  320.14 8.87  NW    9157     331.01 NNW   73255 258       0        
8    116  35.567260 129.351730 705  07/07/2020 04:38:32 722  15.00  317.21 14.76 NW    9157     331.01 NNW   73726 260       0        
8    152  35.567268 129.351715 772  07/07/2020 04:38:33 790  15.00  316.02 9.00  NW    9157     331.01 NNW   74196 262       0        
7    152  35.567279 129.351715 868  07/07/2020 04:38:35 65   15.10  355.99 5.33  N     9157     331.01 NNW   74878 266       0        
8    152  35.567283 129.351715 86   07/07/2020 04:38:36 147  15.10  352.63 2.56  N     9157     331.01 NNW   75519 268       0        
9    152  35.567276 129.351730 274  07/07/2020 04:38:37 334  15.10  83.38  4.11  E     9157     331.01 NNW   76064 270       0        
9    152  35.567276 129.351730 364  07/07/2020 04:38:38 383  15.10  81.58  0.63  E     9157     331.01 NNW   76534 272       0        
8    116  35.567268 129.351745 441  07/07/2020 04:38:39 458  15.10  87.99  1.31  E     9157     331.01 NNW   77002 274       0        
8    116  35.567260 129.351745 516  07/07/2020 04:38:40 535  15.10  93.72  1.24  E     9157     331.01 NNW   77470 276       0        
8    116  35.567260 129.351745 590  07/07/2020 04:38:41 608  15.10  89.26  1.59  E     9157     331.01 NNW   77938 278       0        
7    152  35.567260 129.351745 667  07/07/2020 04:38:42 684  15.10  81.26  1.30  E     9157     331.01 NNW   78402 280       0        
8    116  35.567260 129.351760 738  07/07/2020 04:38:43 756  15.10  76.47  2.02  ENE   9157     331.01 NNW   78868 282       0        
8    116  35.567264 129.351760 813  07/07/2020 04:38:44 830  15.10  72.29  3.24  ENE   9157     331.01 NNW   79361 284       0        
8    116  35.567264 129.351776 913  07/07/2020 04:38:46 93   15.10  64.31  3.54  ENE   9157     331.01 NNW   80042 288       0        
8    116  35.567272 129.351791 117  07/07/2020 04:38:47 178  15.10  352.79 3.74  N     9157     331.01 NNW   80688 290       0        
8    116  35.567279 129.351791 302  07/07/2020 04:38:48 349  15.10  352.02 3.57  N     9157     331.01 NNW   81202 292       0        
8    116  35.567295 129.351791 382  07/07/2020 04:38:49 401  15.10  352.00 5.89  N     9157     331.01 NNW   81670 294       0        
8    116  35.567302 129.351806 456  07/07/2020 04:38:50 475  15.10  353.81 5.13  N     9157     331.01 NNW   82138 296       0        
9    116  35.567325 129.351806 535  07/07/2020 04:38:51 552  15.10  2.18   8.09  N     9157     331.01 NNW   82606 298       0        
8    116  35.567333 129.351806 605  07/07/2020 04:38:52 624  15.10  348.35 4.32  NNW   9157     331.01 NNW   83076 300       0        
8    116  35.567344 129.351806 680  07/07/2020 04:38:53 697  15.10  353.00 5.48  N     9157     331.01 NNW   83546 302       0        
8    116  35.567356 129.351791 754  07/07/2020 04:38:54 772  15.10  340.34 6.11  NNW   9157     331.01 NNW   84014 304       0        
8    116  35.567359 129.351806 831  07/07/2020 04:38:55 849  15.10  16.64  3.63  NNE   9157     331.01 NNW   84577 307       0        
8    116  35.567375 129.351806 80   07/07/2020 04:38:57 159  15.10  0.91   4.09  N     9157     331.01 NNW   85235 310       0        
8    116  35.567386 129.351791 167  07/07/2020 04:38:58 229  15.10  342.59 4.46  NNW   9157     331.01 NNW   85878 312       0        
8    116  35.567386 129.351791 335  07/07/2020 04:38:59 352  15.10  283.72 3.61  WNW   9157     331.01 NNW   86346 314       0        
7    152  35.567390 129.351776 413  07/07/2020 04:39:00 433  15.10  284.43 3.04  WNW   9157     331.01 NNW   86812 316       0        
7    152  35.567390 129.351760 489  07/07/2020 04:39:01 506  15.10  284.15 5.15  WNW   9157     331.01 NNW   87278 318       0        
7    152  35.567390 129.351745 562  07/07/2020 04:39:02 580  15.10  276.03 3.85  W     9157     331.01 NNW   87744 320       0        
7    152  35.567401 129.351715 634  07/07/2020 04:39:03 651  15.10  267.21 8.63  W     9157     331.01 NNW   88210 322       0        
8    116  35.567378 129.351715 708  07/07/2020 04:39:04 726  15.10  264.81 3.24  W     9157     331.01 NNW   88678 324       0        
8    116  35.567367 129.351699 783  07/07/2020 04:39:05 801  15.00  239.82 5.67  WSW   9157     331.01 NNW   89146 326       0        
8    116  35.567356 129.351699 869  07/07/2020 04:39:07 67   15.00  247.68 4.28  WSW   9157     331.01 NNW   89832 330       0        
8    116  35.567340 129.351684 90   07/07/2020 04:39:08 150  14.90  248.08 3.35  WSW   9157     331.01 NNW   90479 332       0        
8    116  35.567325 129.351669 277  07/07/2020 04:39:09 337  14.90  213.73 4.07  SSW   9157     331.01 NNW   91018 334       0        
8    116  35.567310 129.351669 368  07/07/2020 04:39:10 386  14.90  227.89 4.69  SW    9157     331.01 NNW   91486 336       0        
8    116  35.567306 129.351654 443  07/07/2020 04:39:11 460  14.90  237.59 3.72  WSW   9157     331.01 NNW   91954 338       0        
8    116  35.567283 129.351654 517  07/07/2020 04:39:12 536  14.80  183.17 6.39  S     9157     331.01 NNW   92422 340       0        
8    116  35.567272 129.351654 592  07/07/2020 04:39:13 611  14.80  185.94 5.33  S     9157     331.01 NNW   92890 342       0        
8    151  35.567256 129.351654 668  07/07/2020 04:39:14 686  14.80  184.94 4.67  S     9157     331.01 NNW   93358 344       0        
8    151  35.567245 129.351654 744  07/07/2020 04:39:15 762  14.80  159.52 4.39  SSE   9157     331.01 NNW   93826 346       0        
7    151  35.567256 129.351654 820  07/07/2020 04:39:16 838  14.80  153.19 2.69  SSE   9157     331.01 NNW   94368 349       0        
7    151  35.567237 129.351654 61   07/07/2020 04:39:18 127  14.80  162.20 1.85  SSE   9157     331.01 NNW   95027 352       0        
7    151  35.567230 129.351654 150  07/07/2020 04:39:19 210  14.80  161.15 0.54  SSE   9157     331.01 NNW   95671 354       0        
7    151  35.567222 129.351654 329  07/07/2020 04:39:20 347  14.80  160.03 2.63  SSE   9157     331.01 NNW   96146 356       0        
7    151  35.567214 129.351669 401  07/07/2020 04:39:21 420  14.80  158.95 3.13  SSE   9157     331.01 NNW   96610 358       0        
7    151  35.567199 129.351669 478  07/07/2020 04:39:22 495  14.70  159.63 3.54  SSE   9157     331.01 NNW   97074 360       0        
7    151  35.567192 129.351669 553  07/07/2020 04:39:23 570  14.70  159.95 3.15  SSE   9157     331.01 NNW   97538 362       0        
7    151  35.567180 129.351684 627  07/07/2020 04:39:24 646  14.70  132.40 4.37  SE    9157     331.01 NNW   98002 364       0        
7    151  35.567169 129.351699 702  07/07/2020 04:39:25 720  14.70  114.48 7.98  ESE   9157     331.01 NNW   98466 366       0        
7    151  35.567161 129.351715 769  07/07/2020 04:39:26 789  14.70  145.81 6.59  SE    9157     331.01 NNW   98930 368       0        
8    151  35.567157 129.351715 855  07/07/2020 04:39:27 932  14.70  164.31 2.46  SSE   9157     331.01 NNW   99603 372       0        
8    151  35.567161 129.351715 78   07/07/2020 04:39:29 139  14.70  156.37 2.28  SSE   9157     331.01 NNW   10025 374       0        
8    151  35.567150 129.351745 270  07/07/2020 04:39:30 331  14.60  99.14  8.41  E     9157     331.01 NNW   10080 376       0        
8    120  35.567161 129.351760 360  07/07/2020 04:39:31 379  14.60  77.06  5.57  ENE   9157     331.01 NNW   10127 378       0        
7    120  35.567161 129.351760 435  07/07/2020 04:39:32 452  14.60  76.39  3.20  ENE   9157     331.01 NNW   10173 380       0        
8    120  35.567165 129.351791 505  07/07/2020 04:39:33 525  14.60  71.75  5.82  ENE   9157     331.01 NNW   10220 382       0        
8    120  35.567161 129.351806 583  07/07/2020 04:39:34 600  14.60  88.77  7.89  E     9157     331.01 NNW   10267 384       0        
8    120  35.567161 129.351837 658  07/07/2020 04:39:35 676  14.60  76.40  5.98  ENE   9157     331.01 NNW   10313 386       0        
8    121  35.567169 129.351837 732  07/07/2020 04:39:36 752  14.60  74.28  3.06  ENE   9157     331.01 NNW   10360 388       0        
8    117  35.567176 129.351837 807  07/07/2020 04:39:37 824  14.60  22.19  4.65  NNE   9157     331.01 NNW   10409 390       0        
8    121  35.567188 129.351852 907  07/07/2020 04:39:39 86   14.60  20.61  2.15  NNE   9157     331.01 NNW   10476 394       0        
8    121  35.567199 129.351852 112  07/07/2020 04:39:40 173  14.50  21.01  2.33  NNE   9157     331.01 NNW   10541 396       0        
8    121  35.567207 129.351852 300  07/07/2020 04:39:41 348  14.50  23.78  2.11  NNE   9157     331.01 NNW   10593 398       0        
8    121  35.567214 129.351852 377  07/07/2020 04:39:42 395  14.50  318.42 3.98  NW    9157     331.01 NNW   10640 400       0        
8    121  35.567230 129.351837 452  07/07/2020 04:39:43 471  14.50  350.54 4.07  N     9157     331.01 NNW   10686 402       0        
8    121  35.567249 129.351837 525  07/07/2020 04:39:44 543  14.50  337.21 6.70  NNW   9157     331.01 NNW   10733 404       0        
8    121  35.567268 129.351837 604  07/07/2020 04:39:45 622  14.50  2.73   6.04  N     9157     331.01 NNW   10780 406       0        
8    121  35.567279 129.351837 673  07/07/2020 04:39:46 690  14.50  343.86 4.09  NNW   9157     331.01 NNW   10826 408       0        
8    121  35.567287 129.351821 745  07/07/2020 04:39:47 763  14.50  343.40 2.78  NNW   9157     331.01 NNW   10873 410       0        
8    121  35.567295 129.351821 822  07/07/2020 04:39:48 840  14.50  343.58 2.89  NNW   9157     331.01 NNW   10929 413       0        
8    121  35.567295 129.351806 71   07/07/2020 04:39:50 141  14.50  337.48 2.72  NNW   9157     331.01 NNW   10995 416       0        
8    117  35.567302 129.351791 156  07/07/2020 04:39:51 217  14.50  282.55 4.59  WNW   9157     331.01 NNW   11060 418       0        
8    117  35.567302 129.351791 333  07/07/2020 04:39:52 351  14.60  287.14 1.81  WNW   9157     331.01 NNW   11107 420       0        
7    121  35.567321 129.351791 412  07/07/2020 04:39:53 429  14.60  338.76 5.69  NNW   9157     331.01 NNW   11154 422       0        
8    117  35.567321 129.351791 484  07/07/2020 04:39:54 502  14.60  77.58  3.69  ENE   9157     331.01 NNW   11200 424       0        
8    117  35.567321 129.351806 558  07/07/2020 04:39:55 576  14.60  75.80  1.48  ENE   9157     331.01 NNW   11247 426       0        
8    117  35.567329 129.351806 631  07/07/2020 04:39:56 648  14.60  72.75  2.98  ENE   9157     331.01 NNW   11294 428       0        
8    117  35.567344 129.351806 709  07/07/2020 04:39:57 729  14.60  1.84   4.19  N     9157     331.01 NNW   11340 430       0        
8    117  35.567340 129.351806 785  07/07/2020 04:39:58 802  14.70  6.34   0.41  N     9157     331.01 NNW   11386 432       0        
8    117  35.567352 129.351791 865  07/07/2020 04:40:00 61   14.70  348.20 4.17  NNW   9157     331.01 NNW   11454 436       0        
8    117  35.567371 129.351791 87   07/07/2020 04:40:01 146  14.70  337.44 4.28  NNW   9157     331.01 NNW   11519 438       0        
8    117  35.567382 129.351776 271  07/07/2020 04:40:02 332  14.70  322.20 5.15  NW    9157     331.01 NNW   11574 440       0        
8    117  35.567405 129.351760 365  07/07/2020 04:40:03 383  14.70  340.04 7.95  NNW   9157     331.01 NNW   11620 442       0        
8    117  35.567417 129.351760 438  07/07/2020 04:40:04 457  14.70  323.15 6.33  NW    9157     331.01 NNW   11667 444       0        
8    117  35.567420 129.351760 513  07/07/2020 04:40:05 531  14.70  325.58 3.35  NW    9157     331.01 NNW   11714 446       0        
8    117  35.567413 129.351760 589  07/07/2020 04:40:06 607  14.70  335.33 2.98  NNW   9157     331.01 NNW   11761 448       0        
8    117  35.567420 129.351760 662  07/07/2020 04:40:07 681  14.70  332.81 2.11  NNW   9157     331.01 NNW   11808 450       0        
8    117  35.567432 129.351760 737  07/07/2020 04:40:08 755  14.70  334.91 3.11  NNW   9157     331.01 NNW   11854 452       0        
8    121  35.567447 129.351745 813  07/07/2020 04:40:09 831  14.70  339.63 5.43  NNW   9157     331.01 NNW   11904 454       0        
8    121  35.567462 129.351745 914  07/07/2020 04:40:11 98   14.70  353.35 3.13  N     9157     331.01 NNW   11973 458       0        
8    121  35.567489 129.351745 124  07/07/2020 04:40:12 184  14.60  30.54  4.17  NNE   9157     331.01 NNW   12037 460       0        
8    121  35.567516 129.351760 310  07/07/2020 04:40:13 349  14.60  27.39  10.82 NNE   9157     331.01 NNW   12088 462       0        
8    139  35.567535 129.351760 390  07/07/2020 04:40:14 408  14.60  0.68   9.02  N     9157     331.01 NNW   12134 464       0        
7    139  35.567558 129.351760 461  07/07/2020 04:40:15 479  14.60  352.92 9.41  N     9157     331.01 NNW   12181 466       0        
7    139  35.567577 129.351760 542  07/07/2020 04:40:16 560  14.50  5.89   7.78  N     9157     331.01 NNW   12227 468       0        
8    139  35.567596 129.351745 610  07/07/2020 04:40:17 628  14.50  358.19 7.57  N     9157     331.01 NNW   12274 470       0        
8    139  35.567611 129.351730 685  07/07/2020 04:40:18 703  14.50  326.49 9.30  NNW   9157     331.01 NNW   12320 472       0        
8    139  35.567626 129.351715 756  07/07/2020 04:40:19 775  14.50  329.43 8.28  NNW   9157     331.01 NNW   12367 474       0        
8    121  35.567630 129.351715 829  07/07/2020 04:40:20 846  14.50  345.28 5.22  NNW   9157     331.01 NNW   12424 477       0        
8    117  35.567634 129.351699 87   07/07/2020 04:40:22 166  14.50  269.36 3.61  W     9157     331.01 NNW   12490 480       0        
8    117  35.567653 129.351684 174  07/07/2020 04:40:23 237  14.50  343.12 6.56  NNW   9157     331.01 NNW   12554 482       0        
8    117  35.567661 129.351669 333  07/07/2020 04:40:24 351  14.50  322.92 7.11  NW    9157     331.01 NNW   12601 484       0        
8    117  35.567661 129.351654 401  07/07/2020 04:40:25 419  14.50  304.56 4.39  NW    9157     331.01 NNW   12648 486       0        
8    117  35.567668 129.351654 482  07/07/2020 04:40:26 500  14.50  327.36 4.70  NNW   9157     331.01 NNW   12694 488       0        
8    117  35.567680 129.351638 557  07/07/2020 04:40:27 574  14.50  339.55 6.54  NNW   9157     331.01 NNW   12741 490       0        
8    117  35.567680 129.351638 632  07/07/2020 04:40:28 651  14.50  339.24 2.04  NNW   9157     331.01 NNW   12788 492       0        
8    117  35.567687 129.351638 707  07/07/2020 04:40:29 725  14.60  336.17 4.02  NNW   9157     331.01 NNW   12835 494       0        
8    117  35.567695 129.351623 781  07/07/2020 04:40:30 799  14.60  320.99 5.26  NW    9157     331.01 NNW   12882 496       0        
8    117  35.567707 129.351623 861  07/07/2020 04:40:31 939  14.60  324.43 5.43  NW    9157     331.01 NNW   12949 500       0        
8    117  35.567726 129.351593 85   07/07/2020 04:40:33 144  14.60  336.34 5.74  NNW   9157     331.01 NNW   13014 502       0        
8    117  35.567741 129.351593 273  07/07/2020 04:40:34 333  14.60  331.01 6.15  NNW   9157     331.01 NNW   13069 504       0        
8    117  35.567752 129.351577 364  07/07/2020 04:40:35 383  14.60  320.73 4.61  NW    9157     331.00 NNW   13116 506       0        
8    124  35.567760 129.351577 441  07/07/2020 04:40:36 458  14.60  322.06 4.80  NW    9157     331.00 NNW   13162 508       0        
8    124  35.567768 129.351562 517  07/07/2020 04:40:37 534  14.50  320.70 3.50  NW    9157     331.00 NNW   13209 510       0        
8    124  35.567775 129.351547 590  07/07/2020 04:40:38 608  14.50  294.49 8.41  WNW   9157     331.00 NNW   13256 512       0        
8    124  35.567787 129.351531 665  07/07/2020 04:40:39 683  14.50  307.75 6.43  NW    9157     331.00 NNW   13303 514       0        
8    124  35.567794 129.351516 737  07/07/2020 04:40:40 755  14.50  335.97 3.59  NNW   9157     331.00 NNW   13350 516       0        
8    124  35.567798 129.351516 813  07/07/2020 04:40:41 831  14.50  285.79 3.63  WNW   9157     331.00 NNW   13399 518       0        
8    124  35.567798 129.351516 916  07/07/2020 04:40:43 95   14.50  308.61 6.87  NW    9157     331.00 NNW   13468 522       0        
8    117  35.567829 129.351501 117  07/07/2020 04:40:44 178  14.50  341.40 5.24  NNW   9157     331.00 NNW   13532 524       0        
8    117  35.567840 129.351501 307  07/07/2020 04:40:45 348  14.50  13.76  5.74  NNE   9157     331.00 NNW   13583 526       0        
8    117  35.567852 129.351501 387  07/07/2020 04:40:46 404  14.50  13.77  4.57  NNE   9157     331.00 NNW   13630 528       0        
8    117  35.567863 129.351501 459  07/07/2020 04:40:47 477  14.60  334.13 4.37  NNW   9157     331.00 NNW   13677 530       0        
8    117  35.567863 129.351501 535  07/07/2020 04:40:48 553  14.60  341.76 2.48  NNW   9157     331.00 NNW   13724 532       0        
8    117  35.567867 129.351501 610  07/07/2020 04:40:49 627  14.60  338.96 2.80  NNW   9157     331.00 NNW   13770 534       0        
8    117  35.567859 129.351501 683  07/07/2020 04:40:50 701  14.60  328.17 1.54  NNW   9157     331.00 NNW   13817 536       0        
8    117  35.567863 129.351501 758  07/07/2020 04:40:51 776  14.60  325.29 1.24  NW    9157     331.00 NNW   13864 538       0        
8    117  35.567863 129.351516 832  07/07/2020 04:40:52 850  14.60  333.72 1.22  NNW   9157     331.00 NNW   13921 541       0        
8    117  35.567848 129.351501 89   07/07/2020 04:40:54 168  14.70  236.53 7.91  WSW   9157     331.00 NNW   13988 544       0        
8    121  35.567844 129.351501 172  07/07/2020 04:40:55 234  14.70  230.53 2.28  SW    9157     331.00 NNW   14051 546       0        
8    121  35.567844 129.351501 337  07/07/2020 04:40:56 354  14.70  224.47 2.74  SW    9157     331.00 NNW   14098 548       0        
8    121  35.567840 129.351516 411  07/07/2020 04:40:57 429  14.70  219.49 2.24  SW    9157     331.00 NNW   14145 550       0        
8    121  35.567840 129.351516 487  07/07/2020 04:40:58 504  14.70  215.09 2.59  SW    9157     331.00 NNW   14192 552       0        
8    121  35.567844 129.351531 561  07/07/2020 04:40:59 580  14.70  208.42 1.57  SSW   9157     331.00 NNW   14238 554       0        
8    117  35.567855 129.351531 637  07/07/2020 04:41:00 655  14.70  4.35   4.00  N     9157     331.00 NNW   14285 556       0        
8    117  35.567867 129.351531 710  07/07/2020 04:41:01 727  14.80  4.22   3.96  N     9157     331.00 NNW   14331 558       0        
8    117  35.567886 129.351531 782  07/07/2020 04:41:02 801  14.80  356.76 7.56  N     9157     331.00 NNW   14378 560       0        
8    117  35.567909 129.351531 873  07/07/2020 04:41:04 65   14.80  359.34 5.59  N     9157     331.00 NNW   14446 564       0        
8    117  35.567928 129.351531 95   07/07/2020 04:41:05 153  14.80  0.10   3.43  N     9157     331.00 NNW   14511 566       0        
8    117  35.567935 129.351531 275  07/07/2020 04:41:06 335  14.80  338.06 3.59  NNW   9157     331.00 NNW   14564 568       0        
8    117  35.567951 129.351516 367  07/07/2020 04:41:07 385  14.80  326.75 7.46  NNW   9157     331.00 NNW   14611 570       0        
8    117  35.567962 129.351501 441  07/07/2020 04:41:08 458  14.80  338.17 4.63  NNW   9157     331.00 NNW   14658 572       0        
8    117  35.567977 129.351501 515  07/07/2020 04:41:09 533  14.80  331.13 5.20  NNW   9157     331.00 NNW   14705 574       0        
8    117  35.567993 129.351501 592  07/07/2020 04:41:10 609  14.80  14.70  6.07  NNE   9157     331.00 NNW   14751 576       0        
8    117  35.568008 129.351516 666  07/07/2020 04:41:11 684  14.80  19.09  6.96  NNE   9157     331.00 NNW   14798 578       0        
8    117  35.568019 129.351516 743  07/07/2020 04:41:12 761  14.80  4.76   5.83  N     9157     331.00 NNW   14844 580       0        
8    117  35.568038 129.351516 818  07/07/2020 04:41:13 835  14.80  29.40  8.06  NNE   9157     331.00 NNW   14898 583       0        
7    121  35.568042 129.351531 61   07/07/2020 04:41:15 123  14.80  29.95  1.46  NNE   9157     331.00 NNW   14964 586       0        
7    121  35.568035 129.351531 146  07/07/2020 04:41:16 206  14.80  19.13  2.28  NNE   9157     331.00 NNW   15029 588       0        
8    117  35.568035 129.351531 329  07/07/2020 04:41:17 351  14.80  85.32  3.91  E     9157     331.00 NNW   15077 590       0        
8    117  35.568050 129.351531 390  07/07/2020 04:41:18 408  14.80  358.33 4.17  N     9157     331.00 NNW   15124 592       0        
8    117  35.568054 129.351516 464  07/07/2020 04:41:19 483  14.80  322.05 4.39  NW    9157     331.00 NNW   15170 594       0        
8    117  35.568069 129.351501 543  07/07/2020 04:41:20 560  14.80  331.38 3.65  NNW   9157     331.00 NNW   15217 596       0        
8    117  35.568073 129.351501 618  07/07/2020 04:41:21 636  14.80  329.77 2.13  NNW   9157     331.00 NNW   15264 598       0        
8    117  35.568077 129.351501 694  07/07/2020 04:41:22 711  14.80  335.44 2.63  NNW   9157     331.00 NNW   15311 600       0        
8    117  35.568080 129.351501 769  07/07/2020 04:41:23 788  14.80  334.07 1.78  NNW   9157     331.00 NNW   15358 602       0        
8    117  35.568088 129.351486 836  07/07/2020 04:41:24 854  14.80  332.47 3.48  NNW   9157     331.00 NNW   15416 605       0        
8    117  35.568092 129.351486 101  07/07/2020 04:41:26 62   14.70  349.22 0.69  N     9157     331.00 NNW   15482 608       0        
8    117  35.568084 129.351486 189  07/07/2020 04:41:27 248  14.70  157.25 3.96  SSE   9157     331.00 NNW   15545 610       0        
8    124  35.568069 129.351501 337  07/07/2020 04:41:28 355  14.70  162.12 5.94  SSE   9157     331.00 NNW   15592 612       0        
8    124  35.568054 129.351501 412  07/07/2020 04:41:29 430  14.70  178.26 6.32  S     9157     331.00 NNW   15638 614       0        
8    124  35.568042 129.351486 482  07/07/2020 04:41:30 500  14.70  186.86 5.63  S     9157     331.00 NNW   15685 616       0        
8    124  35.568046 129.351486 557  07/07/2020 04:41:31 575  14.70  183.54 1.26  S     9157     331.00 NNW   15732 618       0        
8    124  35.568050 129.351501 634  07/07/2020 04:41:32 652  14.70  177.63 1.37  S     9157     331.00 NNW   15779 620       0        
8    124  35.568042 129.351486 707  07/07/2020 04:41:33 726  14.70  179.03 1.87  S     9157     331.00 NNW   15826 622       0        
8    124  35.568038 129.351486 783  07/07/2020 04:41:34 800  14.70  180.07 2.94  S     9157     331.00 NNW   15872 624       0        
8    124  35.568019 129.351486 867  07/07/2020 04:41:36 62   14.70  160.02 3.35  SSE   9157     331.00 NNW   15941 628       0        
8    117  35.567996 129.351486 90   07/07/2020 04:41:37 149  14.60  202.06 6.72  SSW   9157     331.00 NNW   16006 630       0        
8    117  35.567985 129.351470 276  07/07/2020 04:41:38 337  14.60  194.61 6.82  SSW   9157     331.00 NNW   16060 632       0        
7    124  35.567977 129.351455 370  07/07/2020 04:41:39 388  14.60  229.32 7.72  SW    9157     331.00 NNW   16106 634       0        
7    124  35.567958 129.351440 444  07/07/2020 04:41:40 462  14.60  198.98 7.39  SSW   9157     331.00 NNW   16153 636       0        
7    124  35.567951 129.351440 521  07/07/2020 04:41:41 539  14.60  178.03 4.87  S     9157     331.00 NNW   16199 638       0        
8    124  35.567947 129.351455 591  07/07/2020 04:41:42 609  14.50  177.74 3.35  S     9157     331.00 NNW   16246 640       0        
8    124  35.567935 129.351440 668  07/07/2020 04:41:43 685  14.50  189.26 5.96  S     9157     331.00 NNW   16293 642       0        
7    124  35.567928 129.351440 743  07/07/2020 04:41:44 760  14.50  190.69 5.78  S     9157     331.00 NNW   16340 644       0        
8    137  35.567909 129.351455 818  07/07/2020 04:41:45 836  14.50  169.87 8.26  S     9157     331.00 NNW   16394 647       0        
8    137  35.567874 129.351501 58   07/07/2020 04:41:47 123  14.50  137.67 10.93 SE    9157     331.00 NNW   16461 650       0        
8    137  35.567863 129.351501 146  07/07/2020 04:41:48 206  14.40  170.94 7.37  S     9157     331.00 NNW   16526 652       0        
8    137  35.567859 129.351531 333  07/07/2020 04:41:49 350  14.40  130.34 8.65  SE    9157     331.00 NNW   16574 654       0        
8    124  35.567863 129.351547 402  07/07/2020 04:41:50 420  14.40  118.58 5.11  ESE   9157     331.00 NNW   16621 656       0        
8    118  35.567871 129.351562 479  07/07/2020 04:41:51 497  14.30  98.01  5.67  E     9157     331.00 NNW   16668 658       0        
8    118  35.567878 129.351577 553  07/07/2020 04:41:52 571  14.30  78.03  6.61  ENE   9157     331.00 NNW   16714 660       0        
8    118  35.567886 129.351593 627  07/07/2020 04:41:53 645  14.20  82.23  4.61  E     9157     331.00 NNW   16761 662       0        
8    118  35.567901 129.351593 698  07/07/2020 04:41:54 718  14.20  53.42  4.32  NE    9157     331.00 NNW   16807 664       0        
8    118  35.567913 129.351623 776  07/07/2020 04:41:55 793  14.20  51.09  6.69  NE    9157     331.01 NNW   16854 666       0        
8    118  35.567920 129.351623 856  07/07/2020 04:41:56 934  14.20  22.17  4.19  NNE   9157     331.01 NNW   16921 670       0        
8    118  35.567935 129.351638 79   07/07/2020 04:41:58 139  14.20  24.00  3.04  NNE   9157     331.01 NNW   16986 672       0        
8    118  35.567935 129.351638 266  07/07/2020 04:41:59 327  14.20  83.40  4.48  E     9157     331.01 NNW   17040 674       0        
8    118  35.567939 129.351669 354  07/07/2020 04:42:00 372  14.20  74.24  7.48  ENE   9157     331.01 NNW   17087 676       0        
8    118  35.567943 129.351669 432  07/07/2020 04:42:01 449  14.20  77.26  5.02  ENE   9157     331.01 NNW   17134 678       0        
8    118  35.567935 129.351684 506  07/07/2020 04:42:02 525  14.20  80.58  3.50  E     9157     331.01 NNW   17180 680       0        
8    118  35.567932 129.351699 578  07/07/2020 04:42:03 595  14.30  112.53 4.50  ESE   9157     331.01 NNW   17227 682       0        
8    118  35.567924 129.351699 652  07/07/2020 04:42:04 671  14.30  113.32 1.74  ESE   9157     331.01 NNW   17274 684       0        
8    118  35.567913 129.351699 728  07/07/2020 04:42:05 745  14.30  165.38 4.20  SSE   9157     331.01 NNW   17321 686       0        
8    118  35.567905 129.351715 802  07/07/2020 04:42:06 821  14.30  124.22 7.78  SE    9157     331.01 NNW   17368 688       0        
8    157  35.567913 129.351730 905  07/07/2020 04:42:08 84   14.40  353.84 6.56  N     9157     331.01 NNW   17438 692       0        
8    157  35.567935 129.351715 108  07/07/2020 04:42:09 169  14.40  344.64 4.07  NNW   9157     331.01 NNW   17502 694       0        
8    157  35.567935 129.351715 297  07/07/2020 04:42:10 349  14.40  345.43 1.02  NNW   9157     331.01 NNW   17554 696       0        
8    157  35.567924 129.351715 376  07/07/2020 04:42:11 395  14.40  337.23 2.44  NNW   9157     331.01 NNW   17601 698       0        
8    157  35.567913 129.351730 452  07/07/2020 04:42:12 470  14.40  156.69 3.76  SSE   9157     331.01 NNW   17648 700       0        
8    118  35.567909 129.351730 525  07/07/2020 04:42:13 542  14.40  154.88 2.56  SSE   9157     331.01 NNW   17695 702       0        
8    118  35.567897 129.351745 598  07/07/2020 04:42:14 615  14.40  157.43 3.67  SSE   9157     331.01 NNW   17742 704       0        
8    118  35.567882 129.351745 673  07/07/2020 04:42:15 690  14.40  156.13 3.85  SSE   9157     331.01 NNW   17788 706       0        
8    118  35.567871 129.351760 747  07/07/2020 04:42:16 766  14.50  146.01 4.32  SE    9157     331.01 NNW   17835 708       0        
8    118  35.567859 129.351776 820  07/07/2020 04:42:17 838  14.50  136.35 4.59  SE    9157     331.01 NNW   17890 711       0        
8    118  35.567844 129.351776 66   07/07/2020 04:42:19 129  14.50  141.03 3.15  SE    9157     331.01 NNW   17956 714       0        
8    118  35.567832 129.351776 151  07/07/2020 04:42:20 211  14.40  143.90 2.76  SE    9157     331.01 NNW   18021 716       0        
8    118  35.567821 129.351791 333  07/07/2020 04:42:21 352  14.40  173.03 3.87  S     9157     331.01 NNW   18069 718       0        
8    118  35.567813 129.351791 408  07/07/2020 04:42:22 426  14.40  137.56 3.59  SE    9157     331.01 NNW   18116 720       0        
8    118  35.567802 129.351791 477  07/07/2020 04:42:23 495  14.40  142.95 3.37  SE    9157     331.01 NNW   18163 722       0        
8    118  35.567783 129.351760 557  07/07/2020 04:42:24 574  14.40  227.55 7.91  SW    9157     331.01 NNW   18210 724       0        
8    158  35.567775 129.351760 635  07/07/2020 04:42:25 652  14.40  226.70 3.26  SW    9157     331.01 NNW   18256 726       0        
7    160  35.567768 129.351760 711  07/07/2020 04:42:26 731  14.40  223.63 3.39  SW    9157     331.01 NNW   18303 728       0        
7    160  35.567756 129.351760 787  07/07/2020 04:42:27 804  14.50  197.74 4.24  SSW   9157     331.01 NNW   18350 730       0        
8    158  35.567752 129.351745 866  07/07/2020 04:42:29 45   14.50  199.10 2.91  SSW   9157     331.01 NNW   18417 734       0        
8    118  35.567733 129.351760 84   07/07/2020 04:42:30 144  14.50  196.94 3.11  SSW   9157     331.01 NNW   18482 736       0        
8    118  35.567714 129.351760 274  07/07/2020 04:42:31 335  14.50  160.54 5.78  SSE   9157     331.01 NNW   18537 738       0        
8    118  35.567703 129.351776 367  07/07/2020 04:42:32 384  14.60  151.06 4.13  SSE   9157     331.01 NNW   18584 740       0        
8    118  35.567691 129.351776 441  07/07/2020 04:42:33 460  14.60  145.30 4.61  SE    9157     331.01 NNW   18630 742       0        
8    118  35.567680 129.351791 517  07/07/2020 04:42:34 536  14.60  176.65 4.15  S     9157     331.01 NNW   18677 744       0        
8    118  35.567665 129.351791 591  07/07/2020 04:42:35 611  14.60  163.52 5.80  SSE   9157     331.01 NNW   18724 746       0        
8    118  35.567649 129.351791 665  07/07/2020 04:42:36 682  14.50  148.33 7.13  SSE   9157     331.01 NNW   18771 748       0        
8    118  35.567634 129.351806 739  07/07/2020 04:42:37 759  14.50  156.19 4.39  SSE   9157     331.01 NNW   18818 750       0        
8    118  35.567623 129.351806 814  07/07/2020 04:42:38 832  14.50  169.70 4.15  S     9157     331.01 NNW   18871 752       0        
8    118  35.567615 129.351821 56   07/07/2020 04:42:40 119  14.40  110.43 1.33  ESE   9157     331.01 NNW   18938 756       0        
8    118  35.567600 129.351837 145  07/07/2020 04:42:41 205  14.40  153.53 4.17  SSE   9157     331.01 NNW   19003 758       0        
8    118  35.567596 129.351837 331  07/07/2020 04:42:42 349  14.40  152.99 1.22  SSE   9157     331.01 NNW   19052 760       0        
8    118  35.567581 129.351837 401  07/07/2020 04:42:43 419  14.40  172.71 4.54  S     9157     331.01 NNW   19098 762       0        
8    118  35.567573 129.351852 476  07/07/2020 04:42:44 494  14.40  141.44 4.04  SE    9157     331.01 NNW   19145 764       0        
8    118  35.567558 129.351852 549  07/07/2020 04:42:45 568  14.40  170.89 3.69  S     9157     331.01 NNW   19192 766       0        
8    118  35.567543 129.351837 623  07/07/2020 04:42:46 640  14.30  207.25 7.24  SSW   9157     331.01 NNW   19239 768       0        
7    150  35.567531 129.351837 701  07/07/2020 04:42:47 721  14.30  167.21 5.48  SSE   9157     331.01 NNW   19285 770       0        
7    150  35.567504 129.351852 776  07/07/2020 04:42:48 794  14.30  168.40 7.89  SSE   9157     331.01 NNW   19332 772       0        
7    150  35.567489 129.351852 859  07/07/2020 04:42:49 935  14.30  144.01 5.02  SE    9157     331.01 NNW   19399 776       0        
7    150  35.567459 129.351867 82   07/07/2020 04:42:51 141  14.20  176.80 6.72  S     9157     331.01 NNW   19463 778       0        
7    150  35.567455 129.351852 268  07/07/2020 04:42:52 328  14.20  177.67 2.82  S     9157     331.01 NNW   19517 780       0        
7    150  35.567447 129.351852 356  07/07/2020 04:42:53 373  14.20  176.19 2.13  S     9157     331.01 NNW   19564 782       0        
7    150  35.567440 129.351867 433  07/07/2020 04:42:54 451  14.20  175.07 3.46  S     9157     331.01 NNW   19610 784       0        
7    156  35.567436 129.351867 509  07/07/2020 04:42:55 527  14.20  172.63 2.35  S     9157     331.01 NNW   19656 786       0        
7    156  35.567409 129.351882 584  07/07/2020 04:42:56 602  14.20  145.07 7.02  SE    9157     331.01 NNW   19703 788       0        
7    156  35.567394 129.351898 658  07/07/2020 04:42:57 677  14.10  154.77 5.59  SSE   9157     331.01 NNW   19749 790       0        
7    156  35.567394 129.351882 733  07/07/2020 04:42:58 750  14.10  155.21 2.33  SSE   9157     331.01 NNW   19796 792       0        
7    156  35.567382 129.351898 805  07/07/2020 04:42:59 824  14.10  174.58 3.83  S     9157     331.01 NNW   19843 794       0        
8    156  35.567375 129.351898 903  07/07/2020 04:43:01 83   14.10  177.27 9.46  S     9157     331.01 NNW   19912 798       0        
8    150  35.567340 129.351898 108  07/07/2020 04:43:02 170  14.10  151.29 6.37  SSE   9157     331.01 NNW   19977 800       0        
8    150  35.567325 129.351913 297  07/07/2020 04:43:03 349  14.10  152.35 8.26  SSE   9157     331.01 NNW   20029 802       0        
8    118  35.567337 129.351898 374  07/07/2020 04:43:04 392  14.00  154.49 2.78  SSE   9157     331.01 NNW   20076 804       0        
8    118  35.567337 129.351898 449  07/07/2020 04:43:05 466  14.00  156.03 2.35  SSE   9157     331.01 NNW   20123 806       0        
8    118  35.567325 129.351898 521  07/07/2020 04:43:06 541  14.00  154.82 3.41  SSE   9157     331.01 NNW   20170 808       0        
8    118  35.567329 129.351898 597  07/07/2020 04:43:07 615  14.00  155.98 0.87  SSE   9157     331.01 NNW   20216 810       0        
8    118  35.567321 129.351898 672  07/07/2020 04:43:08 689  14.00  157.69 3.00  SSE   9157     331.01 NNW   20263 812       0        
8    118  35.567306 129.351898 747  07/07/2020 04:43:09 765  14.00  142.09 4.54  SE    9157     331.01 NNW   20310 814       0        
8    118  35.567314 129.351898 821  07/07/2020 04:43:10 839  14.00  136.80 1.59  SE    9157     331.01 NNW   20365 817       0        
8    118  35.567283 129.351898 65   07/07/2020 04:43:12 127  14.00  164.81 4.69  SSE   9157     331.01 NNW   20431 820       0        
8    118  35.567272 129.351882 152  07/07/2020 04:43:13 211  13.90  217.97 5.11  SW    9157     331.01 NNW   20496 822       0        
8    118  35.567260 129.351898 333  07/07/2020 04:43:14 351  13.90  177.95 5.28  S     9157     331.01 NNW   20544 824       0        
8    118  35.567230 129.351898 408  07/07/2020 04:43:15 426  13.90  159.17 9.07  SSE   9157     331.01 NNW   20591 826       0        
8    118  35.567222 129.351913 480  07/07/2020 04:43:16 497  13.90  158.52 5.82  SSE   9157     331.01 NNW   20638 828       0        
8    118  35.567218 129.351913 555  07/07/2020 04:43:17 573  13.80  158.46 2.78  SSE   9157     331.01 NNW   20684 830       0        
8    118  35.567199 129.351913 632  07/07/2020 04:43:18 651  13.80  163.96 5.06  SSE   9157     331.01 NNW   20731 832       0        
8    118  35.567173 129.351928 706  07/07/2020 04:43:19 723  13.80  149.43 10.32 SSE   9157     331.01 NNW   20778 834       0        
8    118  35.567165 129.351943 780  07/07/2020 04:43:20 798  13.70  162.49 5.56  SSE   9157     331.01 NNW   20825 836       0        
8    125  35.567142 129.351959 866  07/07/2020 04:43:22 46   13.70  150.20 3.41  SSE   9157     331.01 NNW   20893 840       0        
8    125  35.567134 129.351959 88   07/07/2020 04:43:23 150  13.60  155.70 3.50  SSE   9157     331.01 NNW   20958 842       0        
8    125  35.567146 129.351943 276  07/07/2020 04:43:24 337  13.60  302.32 5.19  WNW   9157     331.01 NNW   21012 844       0        
8    125  35.567165 129.351913 367  07/07/2020 04:43:25 386  13.60  300.82 7.95  WNW   9157     331.01 NNW   21059 846       0        
8    125  35.567176 129.351928 442  07/07/2020 04:43:26 459  13.60  358.38 5.07  N     9157     331.01 NNW   21106 848       0        
8    118  35.567165 129.351928 528  07/07/2020 04:43:27 545  13.60  358.38 0.31  N     9157     331.01 NNW   21151 850       0        
8    118  35.567146 129.351928 586  07/07/2020 04:43:28 604  13.60  195.80 4.41  SSW   9157     331.01 NNW   21198 852       0        
8    118  35.567142 129.351928 661  07/07/2020 04:43:29 679  13.60  197.37 1.41  SSW   9157     331.01 NNW   21245 854       0        
8    118  35.567138 129.351928 737  07/07/2020 04:43:30 756  13.60  201.50 2.44  SSW   9157     331.01 NNW   21292 856       0        
7    150  35.567134 129.351913 816  07/07/2020 04:43:31 833  13.60  257.20 4.17  WSW   9157     331.01 NNW   21345 858       0        
7    150  35.567142 129.351882 53   07/07/2020 04:43:33 113  13.60  291.13 5.78  WNW   9157     331.01 NNW   21411 862       0        
8    150  35.567150 129.351852 142  07/07/2020 04:43:34 201  13.60  283.28 10.95 WNW   9157     331.01 NNW   21476 864       0        
7    183  35.567165 129.351837 330  07/07/2020 04:43:35 348  13.60  288.98 7.70  WNW   9157     331.01 NNW   21525 866       0        
7    183  35.567157 129.351821 403  07/07/2020 04:43:36 420  13.50  259.13 5.63  W     9157     331.01 NNW   21572 868       0        
7    183  35.567134 129.351852 475  07/07/2020 04:43:37 493  13.50  130.59 5.09  SE    9157     331.01 NNW   21618 870       0        
8    183  35.567123 129.351852 548  07/07/2020 04:43:38 565  13.50  167.48 6.69  SSE   9157     331.01 NNW   21665 872       0        
8    183  35.567123 129.351852 624  07/07/2020 04:43:39 641  13.40  199.23 4.28  SSW   9157     331.01 NNW   21712 874       0        
8    183  35.567123 129.351852 695  07/07/2020 04:43:40 712  13.40  204.57 1.59  SSW   9157     331.01 NNW   21759 876       0        
8    183  35.567123 129.351852 770  07/07/2020 04:43:41 788  13.30  210.40 1.81  SSW   9157     331.01 NNW   21806 878       0        
7    150  35.567111 129.351867 853  07/07/2020 04:43:42 930  13.30  210.16 2.00  SSW   9157     331.01 NNW   21872 882       0        
7    150  35.567100 129.351867 77   07/07/2020 04:43:44 136  13.20  209.02 0.48  SSW   9157     331.01 NNW   21937 884       0        
6    156  35.567100 129.351867 267  07/07/2020 04:43:45 326  13.20  213.68 1.46  SSW   9157     331.01 NNW   21991 886       0        
6    156  35.567100 129.351867 357  07/07/2020 04:43:46 375  13.20  221.63 1.70  SW    9157     331.01 NNW   22037 888       0        
6    156  35.567096 129.351867 430  07/07/2020 04:43:47 448  13.20  224.07 2.41  SW    9157     331.01 NNW   22083 890       0        
6    156  35.567096 129.351852 507  07/07/2020 04:43:48 524  13.20  226.42 2.78  SW    9157     331.01 NNW   22129 892       0        
7    156  35.567096 129.351867 579  07/07/2020 04:43:49 598  13.20  219.15 1.59  SW    9157     331.01 NNW   22176 894       0        
7    187  35.567092 129.351882 656  07/07/2020 04:43:50 674  13.20  211.47 2.61  SSW   9157     331.01 NNW   22222 896       0        
