Sats HDOP Latitude  Longitude  Fix  Date       Time     Date Alt    Course Speed Card  Distance Course Card  Chars Sentences Checksum
          (deg)     (deg)      Age                      Age  (m)    --- from GPS ----  ---- to London  ----  RX    RX        Fail
-------------------------------------------------------------------------------------------------------------------------------------
9    119  35.567150 129.351898 783  07/07/2020 05:14:04 802  5.60   95.15  0.91  E     9157     331.01 NNW   480   2         0        
9    119  35.567157 129.351928 818  07/07/2020 05:14:06 45   11.30  99.99  0.33  E     9157     331.01 NNW   1170  6         0        
9    119  35.567127 129.351928 82   07/07/2020 05:14:07 143  10.40  106.75 0.91  ESE   9157     331.01 NNW   1821  8         0        
9    119  35.567123 129.351928 268  07/07/2020 05:14:08 328  10.50  110.49 0.37  ESE   9157     331.01 NNW   2398  10        0        
9    119  35.567127 129.351913 362  07/07/2020 05:14:09 379  10.40  117.88 1.13  ESE   9157     331.01 NNW   2881  12        0        
9    119  35.567134 129.351913 436  07/07/2020 05:14:10 454  9.80   128.51 0.94  SE    9157     331.01 NNW   3363  14        0        
9    119  35.567134 129.351913 512  07/07/2020 05:14:11 529  9.40   122.13 0.57  ESE   9157     331.01 NNW   3845  16        0        
9    119  35.567134 129.351913 587  07/07/2020 05:14:12 606  9.10   115.85 0.59  ESE   9157     331.01 NNW   4327  18        0        
9    135  35.567134 129.351913 661  07/07/2020 05:14:13 679  9.40   120.21 0.70  ESE   9157     331.01 NNW   4809  20        0        
9    119  35.567138 129.351928 734  07/07/2020 05:14:14 752  9.70   112.56 1.37  ESE   9157     331.01 NNW   5291  22        0        
9    119  35.567134 129.351928 809  07/07/2020 05:14:15 827  9.30   115.04 0.72  ESE   9157     331.01 NNW   5793  24        0        
9    119  35.567138 129.351928 904  07/07/2020 05:14:17 86   9.50   106.15 0.20  ESE   9157     331.01 NNW   6489  28        0        
9    119  35.567134 129.351913 120  07/07/2020 05:14:18 182  9.90   106.15 0.11  ESE   9157     331.01 NNW   7138  30        0        
9    119  35.567134 129.351913 306  07/07/2020 05:14:19 365  10.30  106.15 0.06  ESE   9157     331.01 NNW   7692  32        0        
9    119  35.567134 129.351913 398  07/07/2020 05:14:20 416  10.60  106.15 0.15  ESE   9157     331.01 NNW   8176  34        0        
9    119  35.567131 129.351928 474  07/07/2020 05:14:21 491  11.40  106.15 0.09  ESE   9157     331.01 NNW   8660  36        0        
9    119  35.567127 129.351928 548  07/07/2020 05:14:22 566  12.00  106.15 0.06  ESE   9157     331.01 NNW   9144  38        0        
9    119  35.567127 129.351928 623  07/07/2020 05:14:23 641  12.70  106.15 0.04  ESE   9157     331.01 NNW   9628  40        0        
9    119  35.567127 129.351943 698  07/07/2020 05:14:24 716  13.60  106.15 0.04  ESE   9157     331.01 NNW   10112 42        0        
9    119  35.567123 129.351943 771  07/07/2020 05:14:25 790  14.00  106.15 0.22  ESE   9157     331.01 NNW   10596 44        0        
9    119  35.567127 129.351943 838  07/07/2020 05:14:26 855  12.60  98.53  1.56  E     9157     331.01 NNW   11194 47        0        
9    119  35.567131 129.351928 91   07/07/2020 05:14:28 61   12.00  92.71  0.19  E     9157     331.01 NNW   11884 50        0        
9    119  35.567131 129.351943 179  07/07/2020 05:14:29 239  12.00  98.45  0.50  E     9157     331.01 NNW   12548 52        0        
9    119  35.567127 129.351943 360  07/07/2020 05:14:30 377  12.00  101.60 3.04  ESE   9157     331.01 NNW   13045 54        0        
9    119  35.567127 129.351943 447  07/07/2020 05:14:31 464  12.10  101.60 0.15  ESE   9157     331.01 NNW   13516 56        0        
9    119  35.567127 129.351943 507  07/07/2020 05:14:32 524  12.20  97.16  0.65  E     9157     331.01 NNW   13997 58        0        
9    119  35.567131 129.351943 593  07/07/2020 05:14:33 611  12.40  97.16  0.17  E     9157     331.01 NNW   14468 60        0        
9    119  35.567131 129.351943 667  07/07/2020 05:14:34 684  12.30  97.16  0.13  E     9157     331.01 NNW   14939 62        0        
9    119  35.567131 129.351943 744  07/07/2020 05:14:35 763  12.10  97.16  0.19  E     9157     331.01 NNW   15410 64        0        
9    119  35.567131 129.351928 818  07/07/2020 05:14:36 836  11.80  97.16  0.15  E     9157     331.01 NNW   15903 66        0        
9    119  35.567131 129.351928 916  07/07/2020 05:14:38 83   11.70  97.16  0.13  E     9157     331.01 NNW   16585 70        0        
9    119  35.567131 129.351943 119  07/07/2020 05:14:39 180  11.90  97.16  0.04  E     9157     331.01 NNW   17236 72        0        
9    119  35.567127 129.351943 307  07/07/2020 05:14:40 363  12.00  97.16  0.07  E     9157     331.01 NNW   17765 74        0        
9    119  35.567127 129.351928 391  07/07/2020 05:14:41 409  11.40  97.16  0.00  E     9157     331.01 NNW   18249 76        0        
9    119  35.567127 129.351928 456  07/07/2020 05:14:42 474  11.50  97.16  0.06  E     9157     331.01 NNW   18733 78        0        
9    119  35.567127 129.351928 535  07/07/2020 05:14:43 552  11.60  97.16  0.28  E     9157     331.01 NNW   19217 80        0        
9    126  35.567127 129.351928 613  07/07/2020 05:14:44 632  11.10  97.16  0.06  E     9157     331.01 NNW   19701 82        0        
9    119  35.567127 129.351928 688  07/07/2020 05:14:45 706  11.10  97.16  0.06  E     9157     331.01 NNW   20185 84        0        
9    126  35.567127 129.351928 765  07/07/2020 05:14:46 782  10.90  97.16  0.06  E     9157     331.01 NNW   20669 86        0        
9    126  35.567127 129.351913 840  07/07/2020 05:14:47 858  10.60  97.16  0.04  E     9157     331.01 NNW   21251 89        0        
8    138  35.567127 129.351913 84   07/07/2020 05:14:49 164  10.40  97.16  0.04  E     9157     331.01 NNW   21929 92        0        
8    120  35.567127 129.351913 182  07/07/2020 05:14:50 241  10.60  97.16  0.02  E     9157     331.01 NNW   22589 94        0        
8    120  35.567127 129.351913 359  07/07/2020 05:14:51 376  10.80  97.16  0.02  E     9157     331.01 NNW   23077 96        0        
8    120  35.567127 129.351913 432  07/07/2020 05:14:52 450  10.90  97.16  0.02  E     9157     331.01 NNW   23557 98        0        
8    120  35.567127 129.351913 507  07/07/2020 05:14:53 525  11.10  97.16  0.02  E     9157     331.01 NNW   24037 100       0        
8    120  35.567127 129.351913 583  07/07/2020 05:14:54 601  11.20  97.16  0.00  E     9157     331.01 NNW   24517 102       0        
9    120  35.567127 129.351913 657  07/07/2020 05:14:55 675  11.50  97.16  0.04  E     9157     331.01 NNW   25001 104       0        
9    120  35.567127 129.351913 730  07/07/2020 05:14:56 748  11.80  97.16  0.06  E     9157     331.01 NNW   25485 106       0        
9    120  35.567123 129.351913 805  07/07/2020 05:14:57 823  12.10  97.16  0.02  E     9157     331.01 NNW   25969 108       0        
9    120  35.567123 129.351913 888  07/07/2020 05:14:59 72   12.40  97.16  0.04  E     9157     331.01 NNW   26675 112       0        
9    120  35.567123 129.351913 108  07/07/2020 05:15:00 168  12.60  97.16  0.00  E     9157     331.01 NNW   27337 114       0        
9    120  35.567119 129.351913 293  07/07/2020 05:15:01 354  12.80  97.16  0.02  E     9157     331.01 NNW   27905 116       0        
9    120  35.567119 129.351913 384  07/07/2020 05:15:02 401  13.00  97.16  0.00  E     9157     331.01 NNW   28389 118       0        
9    120  35.567119 129.351898 459  07/07/2020 05:15:03 478  13.10  97.16  0.00  E     9157     331.01 NNW   28873 120       0        
9    120  35.567119 129.351898 535  07/07/2020 05:15:04 553  13.20  97.16  0.00  E     9157     331.01 NNW   29357 122       0        
9    120  35.567119 129.351898 611  07/07/2020 05:15:05 629  13.30  97.16  0.00  E     9157     331.01 NNW   29841 124       0        
9    120  35.567119 129.351898 683  07/07/2020 05:15:06 701  13.30  97.16  0.02  E     9157     331.01 NNW   30325 126       0        
9    120  35.567119 129.351898 760  07/07/2020 05:15:07 778  13.40  97.16  0.00  E     9157     331.01 NNW   30809 128       0        
9    120  35.567119 129.351898 832  07/07/2020 05:15:08 850  13.50  97.16  0.02  E     9157     331.01 NNW   31370 131       0        
9    120  35.567119 129.351898 64   07/07/2020 05:15:10 142  13.60  97.16  0.00  E     9157     331.01 NNW   32051 134       0        
9    120  35.567115 129.351898 163  07/07/2020 05:15:11 223  13.90  97.16  0.00  E     9157     331.01 NNW   32714 136       0        
9    120  35.567115 129.351898 347  07/07/2020 05:15:12 379  14.10  97.16  0.00  E     9157     331.01 NNW   33229 138       0        
9    120  35.567115 129.351898 417  07/07/2020 05:15:13 435  14.30  97.16  0.00  E     9157     331.01 NNW   33713 140       0        
9    120  35.567115 129.351898 494  07/07/2020 05:15:14 512  14.60  97.16  0.00  E     9157     331.01 NNW   34197 142       0        
9    120  35.567115 129.351898 566  07/07/2020 05:15:15 586  14.80  97.16  0.02  E     9157     331.01 NNW   34681 144       0        
9    120  35.567115 129.351898 641  07/07/2020 05:15:16 659  14.80  97.16  0.02  E     9157     331.01 NNW   35165 146       0        
9    120  35.567115 129.351898 716  07/07/2020 05:15:17 733  14.90  97.16  0.02  E     9157     331.01 NNW   35649 148       0        
9    120  35.567115 129.351898 789  07/07/2020 05:15:18 807  15.00  97.16  0.00  E     9157     331.01 NNW   36133 150       0        
9    120  35.567115 129.351898 869  07/07/2020 05:15:20 43   15.10  97.16  0.02  E     9157     331.01 NNW   36822 154       0        
9    120  35.567115 129.351898 93   07/07/2020 05:15:21 153  15.20  97.16  0.02  E     9157     331.01 NNW   37488 156       0        
9    120  35.567115 129.351898 280  07/07/2020 05:15:22 338  15.10  97.16  0.02  E     9157     331.01 NNW   38069 158       0        
9    120  35.567119 129.351898 370  07/07/2020 05:15:23 389  15.00  97.16  0.00  E     9157     331.01 NNW   38553 160       0        
9    120  35.567119 129.351898 444  07/07/2020 05:15:24 461  14.90  97.16  0.02  E     9157     331.01 NNW   39037 162       0        
9    120  35.567119 129.351898 517  07/07/2020 05:15:25 535  14.90  97.16  0.02  E     9157     331.01 NNW   39521 164       0        
9    120  35.567119 129.351898 592  07/07/2020 05:15:26 610  14.90  97.16  0.02  E     9157     331.01 NNW   40005 166       0        
9    120  35.567115 129.351898 666  07/07/2020 05:15:27 685  14.70  97.16  0.00  E     9157     331.01 NNW   40489 168       0        
9    120  35.567119 129.351898 741  07/07/2020 05:15:28 759  14.60  97.16  0.02  E     9157     331.01 NNW   40973 170       0        
9    120  35.567119 129.351898 818  07/07/2020 05:15:29 835  14.60  97.16  0.00  E     9157     331.01 NNW   41462 172       0        
9    120  35.567119 129.351898 915  07/07/2020 05:15:31 83   14.60  97.16  0.00  E     9157     331.01 NNW   42172 176       0        
9    120  35.567119 129.351898 117  07/07/2020 05:15:32 176  14.50  97.16  0.02  E     9157     331.01 NNW   42835 178       0        
9    120  35.567119 129.351898 306  07/07/2020 05:15:33 364  14.40  97.16  0.02  E     9157     331.01 NNW   43393 180       0        
9    120  35.567119 129.351898 396  07/07/2020 05:15:34 413  14.40  97.16  0.02  E     9157     331.01 NNW   43877 182       0        
9    120  35.567119 129.351898 469  07/07/2020 05:15:35 486  14.30  97.16  0.00  E     9157     331.01 NNW   44361 184       0        
9    120  35.567119 129.351898 544  07/07/2020 05:15:36 562  14.30  97.16  0.02  E     9157     331.01 NNW   44845 186       0        
9    120  35.567119 129.351898 619  07/07/2020 05:15:37 638  14.20  97.16  0.04  E     9157     331.01 NNW   45329 188       0        
9    120  35.567119 129.351898 694  07/07/2020 05:15:38 711  14.10  97.16  0.02  E     9157     331.01 NNW   45813 190       0        
9    120  35.567119 129.351898 768  07/07/2020 05:15:39 787  14.10  97.16  0.02  E     9157     331.01 NNW   46297 192       0        
9    120  35.567119 129.351898 843  07/07/2020 05:15:40 861  14.00  97.16  0.00  E     9157     331.01 NNW   46880 195       0        
9    120  35.567119 129.351898 76   07/07/2020 05:15:42 157  14.00  97.16  0.02  E     9157     331.01 NNW   47552 198       0        
9    120  35.567119 129.351898 180  07/07/2020 05:15:43 240  14.00  97.16  0.02  E     9157     331.01 NNW   48218 200       0        
9    120  35.567123 129.351898 362  07/07/2020 05:15:44 380  14.00  97.16  0.02  E     9157     331.01 NNW   48717 202       0        
9    120  35.567123 129.351898 440  07/07/2020 05:15:45 458  14.10  97.16  0.00  E     9157     331.01 NNW   49201 204       0        
9    120  35.567123 129.351898 515  07/07/2020 05:15:46 532  14.10  97.16  0.00  E     9157     331.01 NNW   49685 206       0        
9    120  35.567123 129.351898 588  07/07/2020 05:15:47 605  14.00  97.16  0.00  E     9157     331.01 NNW   50169 208       0        
9    120  35.567127 129.351898 663  07/07/2020 05:15:48 681  14.00  97.16  0.02  E     9157     331.01 NNW   50653 210       0        
9    120  35.567127 129.351898 737  07/07/2020 05:15:49 756  14.00  97.16  0.04  E     9157     331.01 NNW   51137 212       0        
9    120  35.567127 129.351898 812  07/07/2020 05:15:50 829  13.90  97.16  0.02  E     9157     331.01 NNW   51621 214       0        
9    120  35.567127 129.351913 900  07/07/2020 05:15:52 78   13.90  97.16  0.02  E     9157     331.01 NNW   52332 218       0        
9    120  35.567127 129.351913 115  07/07/2020 05:15:53 175  13.70  97.16  0.02  E     9157     331.01 NNW   52996 220       0        
9    120  35.567127 129.351913 300  07/07/2020 05:15:54 361  13.70  97.16  0.02  E     9157     331.01 NNW   53557 222       0        
9    120  35.567127 129.351913 391  07/07/2020 05:15:55 409  13.70  97.16  0.02  E     9157     331.01 NNW   54041 224       0        
9    120  35.567127 129.351913 465  07/07/2020 05:15:56 483  13.60  97.16  0.00  E     9157     331.01 NNW   54525 226       0        
9    120  35.567127 129.351913 540  07/07/2020 05:15:57 557  13.40  97.16  0.02  E     9157     331.01 NNW   55009 228       0        
9    120  35.567127 129.351913 613  07/07/2020 05:15:58 631  13.20  97.16  0.02  E     9157     331.01 NNW   55493 230       0        
9    120  35.567131 129.351913 689  07/07/2020 05:15:59 708  13.10  97.16  0.02  E     9157     331.01 NNW   55977 232       0        
9    120  35.567131 129.351913 763  07/07/2020 05:16:00 781  13.00  97.16  0.04  E     9157     331.01 NNW   56461 234       0        
9    120  35.567131 129.351898 838  07/07/2020 05:16:01 856  12.70  97.16  0.00  E     9157     331.01 NNW   57039 237       0        
9    120  35.567131 129.351898 81   07/07/2020 05:16:03 159  12.10  97.16  0.04  E     9157     331.01 NNW   57719 240       0        
9    120  35.567131 129.351898 177  07/07/2020 05:16:04 238  12.00  97.16  0.02  E     9157     331.01 NNW   58380 242       0        
9    138  35.567131 129.351898 362  07/07/2020 05:16:05 380  11.80  97.16  0.02  E     9157     331.01 NNW   58881 244       0        
9    138  35.567131 129.351898 433  07/07/2020 05:16:06 451  11.70  97.16  0.00  E     9157     331.01 NNW   59365 246       0        
9    138  35.567131 129.351898 509  07/07/2020 05:16:07 526  11.50  97.16  0.00  E     9157     331.01 NNW   59849 248       0        
8    138  35.567131 129.351898 585  07/07/2020 05:16:08 603  11.40  97.16  0.02  E     9157     331.01 NNW   60329 250       0        
9    138  35.567131 129.351898 658  07/07/2020 05:16:09 676  11.30  97.16  0.02  E     9157     331.01 NNW   60813 252       0        
9    138  35.567134 129.351898 733  07/07/2020 05:16:10 750  11.10  97.16  0.02  E     9157     331.01 NNW   61297 254       0        
9    138  35.567134 129.351898 807  07/07/2020 05:16:11 825  11.20  97.16  0.04  E     9157     331.01 NNW   61781 256       0        
9    138  35.567134 129.351898 897  07/07/2020 05:16:13 74   11.20  97.16  0.00  E     9157     331.01 NNW   62488 260       0        
8    138  35.567134 129.351898 109  07/07/2020 05:16:14 169  11.00  97.16  0.00  E     9157     331.01 NNW   63150 262       0        
9    138  35.567134 129.351898 293  07/07/2020 05:16:15 356  10.90  97.16  0.00  E     9157     331.01 NNW   63713 264       0        
9    120  35.567134 129.351898 385  07/07/2020 05:16:16 402  10.80  97.16  0.06  E     9157     331.01 NNW   64197 266       0        
9    120  35.567134 129.351898 459  07/07/2020 05:16:17 476  10.70  97.16  0.00  E     9157     331.01 NNW   64681 268       0        
9    120  35.567134 129.351898 535  07/07/2020 05:16:18 553  10.60  97.16  0.02  E     9157     331.01 NNW   65165 270       0        
9    120  35.567134 129.351898 609  07/07/2020 05:16:19 626  10.40  97.16  0.04  E     9157     331.01 NNW   65649 272       0        
9    120  35.567134 129.351898 682  07/07/2020 05:16:20 700  10.20  97.16  0.22  E     9157     331.01 NNW   66133 274       0        
9    120  35.567134 129.351898 758  07/07/2020 05:16:21 775  10.10  97.16  0.04  E     9157     331.01 NNW   66617 276       0        
9    120  35.567134 129.351898 834  07/07/2020 05:16:22 852  9.90   97.16  0.00  E     9157     331.01 NNW   67174 279       0        
9    120  35.567134 129.351898 60   07/07/2020 05:16:24 131  9.70   97.16  0.04  E     9157     331.01 NNW   67852 282       0        
9    120  35.567134 129.351898 161  07/07/2020 05:16:25 221  9.50   97.16  0.02  E     9157     331.01 NNW   68517 284       0        
9    120  35.567134 129.351898 345  07/07/2020 05:16:26 379  9.30   97.16  0.00  E     9157     331.01 NNW   69032 286       0        
9    120  35.567134 129.351898 417  07/07/2020 05:16:27 435  9.20   97.16  0.00  E     9157     331.01 NNW   69515 288       0        
9    120  35.567134 129.351898 490  07/07/2020 05:16:28 508  9.00   97.16  0.02  E     9157     331.01 NNW   69998 290       0        
9    120  35.567134 129.351898 565  07/07/2020 05:16:29 583  8.80   97.16  0.02  E     9157     331.01 NNW   70481 292       0        
9    120  35.567134 129.351898 638  07/07/2020 05:16:30 655  8.60   97.16  0.04  E     9157     331.01 NNW   70964 294       0        
9    120  35.567134 129.351898 712  07/07/2020 05:16:31 731  8.50   97.16  0.02  E     9157     331.01 NNW   71447 296       0        
9    120  35.567134 129.351898 788  07/07/2020 05:16:32 806  8.30   97.16  0.00  E     9157     331.01 NNW   71930 298       0        
9    120  35.567134 129.351898 871  07/07/2020 05:16:34 44   8.20   97.16  0.02  E     9157     331.01 NNW   72620 302       0        
9    120  35.567138 129.351898 92   07/07/2020 05:16:35 153  7.90   97.16  0.02  E     9157     331.01 NNW   73282 304       0        
9    120  35.567138 129.351898 279  07/07/2020 05:16:36 338  7.70   97.16  0.04  E     9157     331.01 NNW   73862 306       0        
9    120  35.567138 129.351898 369  07/07/2020 05:16:37 387  7.60   97.16  0.02  E     9157     331.01 NNW   74345 308       0        
8    120  35.567142 129.351898 445  07/07/2020 05:16:38 463  7.50   97.16  0.04  E     9157     331.01 NNW   74826 310       0        
8    119  35.567142 129.351898 517  07/07/2020 05:16:39 536  7.30   97.16  0.06  E     9157     331.01 NNW   75307 312       0        
9    119  35.567142 129.351898 590  07/07/2020 05:16:40 607  7.20   97.16  0.04  E     9157     331.01 NNW   75790 314       0        
9    119  35.567142 129.351898 666  07/07/2020 05:16:41 684  7.10   97.16  0.02  E     9157     331.01 NNW   76273 316       0        
9    119  35.567142 129.351898 730  07/07/2020 05:16:42 748  7.00   97.16  0.00  E     9157     331.01 NNW   76756 318       0        
9    119  35.567142 129.351898 811  07/07/2020 05:16:43 828  7.00   97.16  0.04  E     9157     331.01 NNW   77243 320       0        
9    119  35.567142 129.351898 914  07/07/2020 05:16:45 81   6.90   97.16  0.09  E     9157     331.01 NNW   77952 324       0        
9    119  35.567142 129.351898 116  07/07/2020 05:16:46 175  6.80   97.16  0.04  E     9157     331.01 NNW   78613 326       0        
9    119  35.567142 129.351898 300  07/07/2020 05:16:47 360  6.90   97.16  0.00  E     9157     331.01 NNW   79171 328       0        
9    119  35.567142 129.351913 393  07/07/2020 05:16:48 411  6.90   97.16  0.07  E     9157     331.01 NNW   79654 330       0        
9    137  35.567142 129.351913 468  07/07/2020 05:16:49 487  6.90   97.16  0.07  E     9157     331.01 NNW   80137 332       0        
9    137  35.567146 129.351913 543  07/07/2020 05:16:50 561  6.90   97.16  0.02  E     9157     331.01 NNW   80620 334       0        
10   116  35.567142 129.351913 612  07/07/2020 05:16:51 631  7.20   97.16  0.04  E     9157     331.01 NNW   81105 336       0        
10   127  35.567142 129.351913 690  07/07/2020 05:16:52 707  7.30   97.16  0.02  E     9157     331.01 NNW   81590 338       0        
10   127  35.567142 129.351913 765  07/07/2020 05:16:53 783  7.40   97.16  0.00  E     9157     331.01 NNW   82075 340       0        
10   127  35.567142 129.351913 840  07/07/2020 05:16:54 858  7.50   97.16  0.07  E     9157     331.01 NNW   82655 343       0        
10   127  35.567142 129.351913 82   07/07/2020 05:16:56 160  7.80   97.16  0.04  E     9157     331.01 NNW   83336 346       0        
10   116  35.567138 129.351913 181  07/07/2020 05:16:57 240  8.40   97.16  0.04  E     9157     331.01 NNW   84000 348       0        
10   127  35.567138 129.351913 362  07/07/2020 05:16:58 381  8.60   97.16  0.00  E     9157     331.01 NNW   84500 350       0        
10   116  35.567138 129.351913 436  07/07/2020 05:16:59 454  8.80   97.16  0.00  E     9157     331.01 NNW   84985 352       0        
10   116  35.567138 129.351913 511  07/07/2020 05:17:00 529  9.00   97.16  0.04  E     9157     331.01 NNW   85470 354       0        
10   116  35.567134 129.351913 586  07/07/2020 05:17:01 605  9.40   97.16  0.00  E     9157     331.01 NNW   85955 356       0        
10   116  35.567134 129.351913 660  07/07/2020 05:17:02 677  10.10  97.16  0.00  E     9157     331.01 NNW   86441 358       0        
10   127  35.567134 129.351913 734  07/07/2020 05:17:03 752  10.20  97.16  0.02  E     9157     331.01 NNW   86927 360       0        
10   116  35.567134 129.351913 808  07/07/2020 05:17:04 825  10.50  97.16  0.04  E     9157     331.01 NNW   87413 362       0        
10   116  35.567134 129.351913 899  07/07/2020 05:17:06 77   10.80  97.16  0.06  E     9157     331.01 NNW   88125 366       0        
10   116  35.567131 129.351913 111  07/07/2020 05:17:07 170  11.60  97.16  0.02  E     9157     331.01 NNW   88788 368       0        
10   127  35.567131 129.351913 298  07/07/2020 05:17:08 359  11.70  97.16  0.19  E     9157     331.01 NNW   89357 370       0        
10   116  35.567131 129.351913 388  07/07/2020 05:17:09 406  11.70  97.16  0.00  E     9157     331.01 NNW   89843 372       0        
10   116  35.567127 129.351913 462  07/07/2020 05:17:10 480  12.00  97.16  0.00  E     9157     331.01 NNW   90329 374       0        
10   116  35.567127 129.351913 537  07/07/2020 05:17:11 554  12.30  97.16  0.00  E     9157     331.01 NNW   90815 376       0        
10   116  35.567127 129.351913 610  07/07/2020 05:17:12 629  12.70  97.16  0.04  E     9157     331.01 NNW   91301 378       0        
10   127  35.567127 129.351913 686  07/07/2020 05:17:13 704  12.70  97.16  0.00  E     9157     331.01 NNW   91787 380       0        
10   116  35.567127 129.351913 759  07/07/2020 05:17:14 777  12.80  97.16  0.02  E     9157     331.01 NNW   92273 382       0        
10   116  35.567127 129.351913 833  07/07/2020 05:17:15 852  13.00  97.16  0.00  E     9157     331.01 NNW   92843 385       0        
10   116  35.567123 129.351913 70   07/07/2020 05:17:17 147  13.10  97.16  0.04  E     9157     331.01 NNW   93525 388       0        
10   116  35.567119 129.351913 169  07/07/2020 05:17:18 227  13.40  97.16  0.02  E     9157     331.01 NNW   94190 390       0        
10   116  35.567119 129.351913 355  07/07/2020 05:17:19 381  13.80  97.16  0.02  E     9157     331.01 NNW   94703 392       0        
10   116  35.567119 129.351913 425  07/07/2020 05:17:20 443  14.20  97.16  0.06  E     9157     331.01 NNW   95189 394       0        
10   116  35.567119 129.351913 498  07/07/2020 05:17:21 516  14.50  97.16  0.02  E     9157     331.01 NNW   95675 396       0        
10   116  35.567119 129.351913 575  07/07/2020 05:17:22 594  14.70  97.16  0.06  E     9157     331.01 NNW   96161 398       0        
10   116  35.567115 129.351913 649  07/07/2020 05:17:23 666  15.00  97.16  0.02  E     9157     331.01 NNW   96647 400       0        
10   116  35.567115 129.351913 723  07/07/2020 05:17:24 741  15.30  97.16  0.00  E     9157     331.01 NNW   97133 402       0        
10   116  35.567111 129.351913 797  07/07/2020 05:17:25 816  15.60  97.16  0.02  E     9157     331.01 NNW   97619 404       0        
10   116  35.567111 129.351913 882  07/07/2020 05:17:27 65   15.70  97.16  0.00  E     9157     331.01 NNW   98321 408       0        
10   116  35.567111 129.351913 99   07/07/2020 05:17:28 160  16.20  97.16  0.02  E     9157     331.01 NNW   98984 410       0        
10   115  35.567111 129.351913 288  07/07/2020 05:17:29 349  16.50  97.16  0.00  E     9157     331.01 NNW   99563 412       0        
10   116  35.567111 129.351898 378  07/07/2020 05:17:30 396  16.80  97.16  0.02  E     9157     331.01 NNW   10004 414       0        
10   115  35.567111 129.351898 454  07/07/2020 05:17:31 471  17.20  97.16  0.02  E     9157     331.01 NNW   10053 416       0        
10   116  35.567108 129.351898 529  07/07/2020 05:17:32 547  17.50  97.16  0.02  E     9157     331.01 NNW   10102 418       0        
10   115  35.567108 129.351898 605  07/07/2020 05:17:33 623  18.20  97.16  0.02  E     9157     331.01 NNW   10150 420       0        
10   115  35.567108 129.351898 678  07/07/2020 05:17:34 697  18.70  97.16  0.04  E     9157     331.01 NNW   10199 422       0        
10   116  35.567104 129.351898 751  07/07/2020 05:17:35 769  19.10  97.16  0.02  E     9157     331.01 NNW   10247 424       0        
10   115  35.567104 129.351898 828  07/07/2020 05:17:36 845  19.40  97.16  0.02  E     9157     331.01 NNW   10303 427       0        
10   116  35.567104 129.351898 57   07/07/2020 05:17:38 129  19.50  97.16  0.04  E     9157     331.01 NNW   10371 430       0        
10   115  35.567104 129.351898 153  07/07/2020 05:17:39 214  20.10  97.16  0.02  E     9157     331.01 NNW   10438 432       0        
10   116  35.567104 129.351898 342  07/07/2020 05:17:40 380  20.40  97.16  0.04  E     9157     331.01 NNW   10490 434       0        
10   115  35.567104 129.351898 417  07/07/2020 05:17:41 436  20.60  97.16  0.02  E     9157     331.01 NNW   10539 436       0        
10   115  35.567100 129.351898 484  07/07/2020 05:17:42 502  20.90  97.16  0.02  E     9157     331.01 NNW   10588 438       0        
10   116  35.567100 129.351898 564  07/07/2020 05:17:43 582  21.20  97.16  0.04  E     9157     331.01 NNW   10636 440       0        
10   115  35.567096 129.351882 641  07/07/2020 05:17:44 659  21.50  97.16  0.00  E     9157     331.01 NNW   10685 442       0        
10   115  35.567096 129.351882 718  07/07/2020 05:17:45 736  21.70  97.16  0.00  E     9157     331.01 NNW   10733 444       0        
10   116  35.567096 129.351882 793  07/07/2020 05:17:46 811  22.00  97.16  0.02  E     9157     331.01 NNW   10782 446       0        
10   115  35.567096 129.351882 878  07/07/2020 05:17:48 61   22.30  97.16  0.04  E     9157     331.01 NNW   10852 450       0        
10   115  35.567092 129.351882 98   07/07/2020 05:17:49 158  22.70  97.16  0.04  E     9157     331.01 NNW   10919 452       0        
10   116  35.567092 129.351882 285  07/07/2020 05:17:50 344  22.70  97.16  0.04  E     9157     331.01 NNW   10977 454       0        
10   115  35.567089 129.351882 374  07/07/2020 05:17:51 393  22.80  97.16  0.02  E     9157     331.01 NNW   11026 456       0        
