Sats HDOP Latitude  Longitude  Fix  Date       Time     Date Alt    Course Speed Card  Distance Course Card  Chars Sentences Checksum
          (deg)     (deg)      Age                      Age  (m)    --- from GPS ----  ---- to London  ----  RX    RX        Fail
-------------------------------------------------------------------------------------------------------------------------------------
9    114  35.567089 129.351882 419  07/07/2020 04:57:50 437  13.50  0.00   0.04  N     9157     331.01 NNW   543   2         0        
9    114  35.567089 129.351882 494  07/07/2020 04:57:51 511  13.60  0.00   0.09  N     9157     331.01 NNW   1016  4         0        
9    114  35.567089 129.351882 565  07/07/2020 04:57:52 584  13.60  0.00   0.02  N     9157     331.01 NNW   1489  6         0        
9    114  35.567089 129.351882 643  07/07/2020 04:57:53 660  13.80  0.00   0.04  N     9157     331.01 NNW   1962  8         0        
9    114  35.567089 129.351882 719  07/07/2020 04:57:54 737  13.80  0.00   0.35  N     9157     331.01 NNW   2435  10        0        
9    114  35.567089 129.351882 781  07/07/2020 04:57:55 798  13.70  347.20 3.04  NNW   9157     331.01 NNW   2907  12        0        
9    114  35.567089 129.351882 865  07/07/2020 04:57:57 61   13.80  336.11 1.89  NNW   9157     331.01 NNW   3592  16        0        
9    114  35.567089 129.351882 86   07/07/2020 04:57:58 145  13.90  341.76 0.37  NNW   9157     331.01 NNW   4243  18        0        
9    115  35.567092 129.351882 272  07/07/2020 04:57:59 334  13.90  343.18 2.59  NNW   9157     331.01 NNW   4795  20        0        
9    115  35.567096 129.351882 364  07/07/2020 04:58:00 381  13.80  343.87 2.98  NNW   9157     331.01 NNW   5267  22        0        
9    115  35.567100 129.351882 437  07/07/2020 04:58:01 455  13.80  344.20 1.56  NNW   9157     331.01 NNW   5739  24        0        
9    115  35.567096 129.351867 512  07/07/2020 04:58:02 529  13.80  336.83 0.89  NNW   9157     331.01 NNW   6211  26        0        
9    115  35.567096 129.351882 600  07/07/2020 04:58:03 617  13.80  336.83 0.35  NNW   9157     331.01 NNW   6671  28        0        
9    115  35.567096 129.351867 661  07/07/2020 04:58:04 679  13.80  331.93 2.56  NNW   9157     331.01 NNW   7143  30        0        
9    115  35.567100 129.351867 738  07/07/2020 04:58:05 756  13.80  340.86 1.80  NNW   9157     331.01 NNW   7615  32        0        
9    115  35.567100 129.351867 812  07/07/2020 04:58:06 830  13.70  345.12 3.09  NNW   9157     331.01 NNW   8115  34        0        
9    115  35.567104 129.351867 912  07/07/2020 04:58:08 94   13.70  342.82 0.61  NNW   9157     331.01 NNW   8802  38        0        
9    115  35.567096 129.351852 117  07/07/2020 04:58:09 177  13.70  336.22 2.06  NNW   9157     331.01 NNW   9453  40        0        
9    115  35.567096 129.351867 303  07/07/2020 04:58:10 353  13.70  343.85 1.61  NNW   9157     331.01 NNW   9975  42        0        
9    115  35.567096 129.351867 383  07/07/2020 04:58:11 401  13.70  334.79 1.22  NNW   9157     331.01 NNW   10447 44        0        
9    115  35.567096 129.351867 456  07/07/2020 04:58:12 474  13.70  342.14 2.02  NNW   9157     331.01 NNW   10919 46        0        
9    115  35.567096 129.351882 532  07/07/2020 04:58:13 551  13.70  93.85  5.69  E     9157     331.01 NNW   11389 48        0        
8    167  35.567096 129.351898 610  07/07/2020 04:58:14 629  13.70  92.31  4.41  E     9157     331.01 NNW   11857 50        0        
9    115  35.567096 129.351898 683  07/07/2020 04:58:15 700  13.70  91.88  3.04  E     9157     331.01 NNW   12327 52        0        
9    115  35.567092 129.351913 757  07/07/2020 04:58:16 776  13.80  92.48  3.57  E     9157     331.01 NNW   12797 54        0        
9    115  35.567096 129.351913 832  07/07/2020 04:58:17 849  13.80  87.64  0.65  E     9157     331.01 NNW   13366 57        0        
9    115  35.567100 129.351913 85   07/07/2020 04:58:19 164  13.80  74.66  0.56  ENE   9157     331.01 NNW   14032 60        0        
9    115  35.567100 129.351913 185  07/07/2020 04:58:20 244  13.80  74.66  0.30  ENE   9157     331.01 NNW   14667 62        0        
9    115  35.567104 129.351913 334  07/07/2020 04:58:21 355  13.80  71.19  1.96  ENE   9157     331.01 NNW   15137 64        0        
9    115  35.567104 129.351913 403  07/07/2020 04:58:22 421  13.80  69.96  1.04  ENE   9157     331.01 NNW   15607 66        0        
9    115  35.567104 129.351913 476  07/07/2020 04:58:23 494  13.80  69.49  1.09  ENE   9157     331.01 NNW   16077 68        0        
9    115  35.567104 129.351913 551  07/07/2020 04:58:24 568  13.80  68.83  0.83  ENE   9157     331.01 NNW   16547 70        0        
9    115  35.567104 129.351898 626  07/07/2020 04:58:25 644  13.80  60.72  1.35  ENE   9157     331.01 NNW   17017 72        0        
9    115  35.567104 129.351898 701  07/07/2020 04:58:26 719  13.80  53.08  0.93  NE    9157     331.01 NNW   17487 74        0        
9    115  35.567108 129.351898 776  07/07/2020 04:58:27 793  13.80  47.28  0.91  NE    9157     331.01 NNW   17957 76        0        
9    115  35.567111 129.351898 857  07/07/2020 04:58:28 934  13.80  63.47  1.67  ENE   9157     331.01 NNW   18630 80        0        
9    115  35.567104 129.351898 78   07/07/2020 04:58:30 138  13.80  70.68  0.72  ENE   9157     331.01 NNW   19279 82        0        
9    115  35.567100 129.351898 264  07/07/2020 04:58:31 322  13.80  76.60  1.15  ENE   9157     331.01 NNW   19837 84        0        
9    115  35.567092 129.351882 354  07/07/2020 04:58:32 373  13.80  83.63  2.93  E     9157     331.01 NNW   20307 86        0        
9    118  35.567089 129.351882 431  07/07/2020 04:58:33 448  13.70  89.77  1.69  E     9157     331.01 NNW   20777 88        0        
9    115  35.567092 129.351882 504  07/07/2020 04:58:34 521  13.70  92.76  1.09  E     9157     331.01 NNW   21247 90        0        
9    118  35.567092 129.351882 589  07/07/2020 04:58:35 609  13.80  92.76  0.26  E     9157     331.01 NNW   21707 92        0        
9    115  35.567092 129.351882 651  07/07/2020 04:58:36 668  13.70  103.88 2.39  ESE   9157     331.01 NNW   22179 94        0        
9    115  35.567104 129.351898 733  07/07/2020 04:58:37 751  13.70  103.88 0.24  ESE   9157     331.01 NNW   22639 96        0        
9    115  35.567104 129.351898 796  07/07/2020 04:58:38 813  13.80  98.68  0.46  E     9157     331.01 NNW   23109 98        0        
9    115  35.567111 129.351898 888  07/07/2020 04:58:40 76   13.60  11.98  0.28  NNE   9157     331.01 NNW   23805 102       0        
9    115  35.567123 129.351882 103  07/07/2020 04:58:41 163  13.30  0.90   1.06  N     9157     331.01 NNW   24443 104       0        
9    115  35.567119 129.351882 298  07/07/2020 04:58:42 352  13.30  0.90   0.19  N     9157     331.01 NNW   24967 106       0        
9    115  35.567115 129.351882 371  07/07/2020 04:58:43 389  13.40  4.63   0.46  N     9157     331.01 NNW   25435 108       0        
9    115  35.567115 129.351882 455  07/07/2020 04:58:44 472  13.40  4.63   0.35  N     9157     331.01 NNW   25895 110       0        
9    115  35.567111 129.351882 529  07/07/2020 04:58:45 547  13.10  4.63   0.00  N     9157     331.01 NNW   26355 112       0        
9    115  35.567111 129.351882 591  07/07/2020 04:58:46 610  13.20  353.74 0.67  N     9157     331.01 NNW   26827 114       0        
9    115  35.567111 129.351898 666  07/07/2020 04:58:47 685  13.40  343.82 1.74  NNW   9157     331.01 NNW   27299 116       0        
9    115  35.567111 129.351898 741  07/07/2020 04:58:48 758  13.10  342.97 0.54  NNW   9157     331.01 NNW   27771 118       0        
9    115  35.567108 129.351898 815  07/07/2020 04:58:49 834  12.90  343.77 0.56  NNW   9157     331.01 NNW   28313 120       0        
9    115  35.567108 129.351882 56   07/07/2020 04:58:51 119  12.70  358.10 0.39  N     9157     331.01 NNW   28981 124       0        
9    115  35.567108 129.351882 153  07/07/2020 04:58:52 214  12.10  358.10 0.13  N     9157     331.01 NNW   29633 126       0        
9    115  35.567111 129.351882 337  07/07/2020 04:58:53 355  11.80  358.10 0.19  N     9157     331.01 NNW   30107 128       0        
9    115  35.567108 129.351882 412  07/07/2020 04:58:54 430  11.60  358.10 0.22  N     9157     331.01 NNW   30567 130       0        
9    115  35.567108 129.351882 474  07/07/2020 04:58:55 492  11.50  354.52 0.74  N     9157     331.01 NNW   31039 132       0        
9    115  35.567111 129.351882 547  07/07/2020 04:58:56 567  11.40  350.31 0.94  N     9157     331.01 NNW   31511 134       0        
9    115  35.567111 129.351867 634  07/07/2020 04:58:57 654  11.50  350.31 0.31  N     9157     331.01 NNW   31971 136       0        
9    115  35.567115 129.351867 696  07/07/2020 04:58:58 714  11.60  348.00 1.04  NNW   9157     331.01 NNW   32443 138       0        
9    115  35.567115 129.351867 770  07/07/2020 04:58:59 787  11.40  346.88 1.44  NNW   9157     331.01 NNW   32915 140       0        
9    115  35.567119 129.351867 844  07/07/2020 04:59:00 889  11.60  348.35 2.87  NNW   9157     331.01 NNW   33566 143       0        
9    115  35.567134 129.351867 51   07/07/2020 04:59:02 110  11.20  350.20 2.93  N     9157     331.01 NNW   34218 146       0        
9    115  35.567138 129.351867 242  07/07/2020 04:59:03 301  11.10  5.28   3.67  N     9157     331.01 NNW   34799 148       0        
9    115  35.567146 129.351867 343  07/07/2020 04:59:04 361  11.20  4.53   3.56  N     9157     331.01 NNW   35267 150       0        
9    115  35.567157 129.351867 420  07/07/2020 04:59:05 438  11.20  4.03   3.37  N     9157     331.01 NNW   35735 152       0        
9    115  35.567165 129.351867 492  07/07/2020 04:59:06 510  11.00  3.51   3.35  N     9157     331.01 NNW   36203 154       0        
9    115  35.567173 129.351867 567  07/07/2020 04:59:07 586  10.80  2.60   3.20  N     9157     331.01 NNW   36671 156       0        
9    115  35.567180 129.351867 638  07/07/2020 04:59:08 657  10.80  349.15 3.80  N     9157     331.01 NNW   37143 158       0        
9    115  35.567188 129.351852 713  07/07/2020 04:59:09 730  10.80  350.65 3.85  N     9157     331.01 NNW   37615 160       0        
9    115  35.567195 129.351852 786  07/07/2020 04:59:10 805  10.80  350.36 3.89  N     9157     331.01 NNW   38087 162       0        
9    126  35.567203 129.351852 872  07/07/2020 04:59:12 72   10.80  349.94 2.43  N     9157     331.01 NNW   38781 166       0        
9    115  35.567218 129.351852 92   07/07/2020 04:59:13 152  10.80  353.89 6.04  N     9157     331.01 NNW   39430 168       0        
9    115  35.567226 129.351852 282  07/07/2020 04:59:14 341  10.90  339.33 3.93  NNW   9157     331.01 NNW   39975 170       0        
9    115  35.567241 129.351837 369  07/07/2020 04:59:15 388  10.90  338.32 3.93  NNW   9157     331.01 NNW   40447 172       0        
9    115  35.567249 129.351837 446  07/07/2020 04:59:16 465  10.70  334.05 3.89  NNW   9157     331.01 NNW   40919 174       0        
9    115  35.567256 129.351837 522  07/07/2020 04:59:17 539  10.80  335.45 3.78  NNW   9157     331.01 NNW   41391 176       0        
9    115  35.567264 129.351837 595  07/07/2020 04:59:18 613  10.70  336.57 2.37  NNW   9157     331.01 NNW   41863 178       0        
9    115  35.567272 129.351837 671  07/07/2020 04:59:19 688  10.60  339.79 1.91  NNW   9157     331.01 NNW   42335 180       0        
9    115  35.567279 129.351837 744  07/07/2020 04:59:20 763  10.60  345.22 2.72  NNW   9157     331.01 NNW   42807 182       0        
9    115  35.567279 129.351852 819  07/07/2020 04:59:21 837  10.60  350.63 2.52  N     9157     331.01 NNW   43354 185       0        
9    115  35.567287 129.351852 62   07/07/2020 04:59:23 124  10.50  360.00 2.30  N     9157     331.01 NNW   44035 188       0        
9    115  35.567287 129.351867 150  07/07/2020 04:59:24 209  10.40  3.77   1.76  N     9157     331.01 NNW   44697 190       0        
9    115  35.567295 129.351867 336  07/07/2020 04:59:25 367  10.30  1.73   0.81  N     9157     331.01 NNW   45211 192       0        
9    115  35.567298 129.351867 414  07/07/2020 04:59:26 431  10.30  1.73   0.02  N     9157     331.01 NNW   45684 194       0        
9    115  35.567298 129.351867 489  07/07/2020 04:59:27 506  10.40  1.73   0.07  N     9157     331.01 NNW   46157 196       0        
9    115  35.567302 129.351867 564  07/07/2020 04:59:28 582  10.40  1.73   0.24  N     9157     331.01 NNW   46630 198       0        
9    115  35.567302 129.351867 640  07/07/2020 04:59:29 657  10.40  1.73   0.06  N     9157     331.01 NNW   47103 200       0        
9    115  35.567302 129.351867 713  07/07/2020 04:59:30 732  10.50  1.73   0.02  N     9157     331.01 NNW   47576 202       0        
9    115  35.567302 129.351867 788  07/07/2020 04:59:31 807  10.30  1.73   0.20  N     9157     331.01 NNW   48049 204       0        
9    115  35.567298 129.351867 869  07/07/2020 04:59:32 946  10.30  6.24   1.37  N     9157     331.01 NNW   48728 208       0        
9    115  35.567302 129.351882 79   07/07/2020 04:59:34 139  10.60  10.36  3.48  N     9157     331.01 NNW   49387 210       0        
9    115  35.567302 129.351882 266  07/07/2020 04:59:35 325  10.60  70.25  4.15  ENE   9157     331.01 NNW   49969 212       0        
9    115  35.567310 129.351898 357  07/07/2020 04:59:36 374  10.50  63.36  4.30  ENE   9157     331.01 NNW   50452 214       0        
9    115  35.567310 129.351913 425  07/07/2020 04:59:37 443  10.50  63.56  3.57  ENE   9157     331.01 NNW   50935 216       0        
9    115  35.567321 129.351913 502  07/07/2020 04:59:38 519  10.50  63.23  2.63  ENE   9157     331.01 NNW   51418 218       0        
9    115  35.567325 129.351928 579  07/07/2020 04:59:39 597  10.40  59.53  2.00  ENE   9157     331.01 NNW   51901 220       0        
9    115  35.567329 129.351928 656  07/07/2020 04:59:40 673  10.20  54.51  2.94  NE    9157     331.01 NNW   52384 222       0        
9    115  35.567337 129.351913 731  07/07/2020 04:59:41 750  10.20  49.72  2.82  NE    9157     331.01 NNW   52867 224       0        
9    115  35.567344 129.351913 803  07/07/2020 04:59:42 822  10.10  46.91  1.31  NE    9157     331.01 NNW   53350 226       0        
9    115  35.567348 129.351913 887  07/07/2020 04:59:44 78   9.90   347.12 7.26  NNW   9157     331.01 NNW   54051 230       0        
9    115  35.567356 129.351913 104  07/07/2020 04:59:45 165  10.00  347.79 1.52  NNW   9157     331.01 NNW   54703 232       0        
9    115  35.567363 129.351913 292  07/07/2020 04:59:46 352  10.20  346.29 3.41  NNW   9157     331.01 NNW   55237 234       0        
9    115  35.567367 129.351898 376  07/07/2020 04:59:47 393  10.10  343.54 1.89  NNW   9157     331.01 NNW   55709 236       0        
9    115  35.567367 129.351898 450  07/07/2020 04:59:48 468  10.10  340.46 2.07  NNW   9157     331.01 NNW   56181 238       0        
9    115  35.567371 129.351898 524  07/07/2020 04:59:49 542  10.30  338.10 2.11  NNW   9157     331.01 NNW   56653 240       0        
9    115  35.567375 129.351898 599  07/07/2020 04:59:50 617  10.40  337.23 1.63  NNW   9157     331.01 NNW   57125 242       0        
9    115  35.567375 129.351882 674  07/07/2020 04:59:51 692  10.50  334.62 1.65  NNW   9157     331.01 NNW   57597 244       0        
9    115  35.567378 129.351882 749  07/07/2020 04:59:52 766  10.30  332.67 1.50  NNW   9157     331.01 NNW   58069 246       0        
9    115  35.567382 129.351882 823  07/07/2020 04:59:53 840  10.10  331.70 1.89  NNW   9157     331.01 NNW   58632 249       0        
8    122  35.567390 129.351882 76   07/07/2020 04:59:55 156  10.00  333.73 1.89  NNW   9157     331.01 NNW   59298 252       0        
8    122  35.567401 129.351867 163  07/07/2020 04:59:56 224  10.00  344.73 4.98  NNW   9157     331.01 NNW   59948 254       0        
9    198  35.567417 129.351867 337  07/07/2020 04:59:57 355  10.20  339.03 6.93  NNW   9157     331.01 NNW   60423 256       0        
9    115  35.567424 129.351867 409  07/07/2020 04:59:58 427  10.10  331.40 4.70  NNW   9157     331.01 NNW   60895 258       0        
9    127  35.567428 129.351867 486  07/07/2020 04:59:59 504  9.90   337.22 3.65  NNW   9157     331.01 NNW   61366 260       0        
9    127  35.567432 129.351867 561  07/07/2020 05:00:00 579  9.80   335.22 3.69  NNW   9157     331.01 NNW   61837 262       0        
8    127  35.567440 129.351867 634  07/07/2020 05:00:01 653  9.70   334.62 3.32  NNW   9157     331.01 NNW   62304 264       0        
8    127  35.567447 129.351852 709  07/07/2020 05:00:02 726  9.70   334.69 2.83  NNW   9157     331.01 NNW   62771 266       0        
9    127  35.567451 129.351852 784  07/07/2020 05:00:03 803  9.70   352.10 4.13  N     9157     331.01 NNW   63242 268       0        
9    127  35.567462 129.351852 868  07/07/2020 05:00:05 65   9.70   339.39 4.30  NNW   9157     331.01 NNW   63928 272       0        
9    115  35.567485 129.351852 87   07/07/2020 05:00:06 148  9.60   341.06 4.04  NNW   9157     331.01 NNW   64577 274       0        
9    115  35.567497 129.351837 274  07/07/2020 05:00:07 334  9.60   337.59 3.74  NNW   9157     331.01 NNW   65126 276       0        
9    115  35.567504 129.351837 365  07/07/2020 05:00:08 383  9.60   337.53 3.20  NNW   9157     331.01 NNW   65597 278       0        
8    127  35.567512 129.351837 442  07/07/2020 05:00:09 459  9.40   344.94 4.87  NNW   9157     331.01 NNW   66064 280       0        
9    127  35.567527 129.351837 514  07/07/2020 05:00:10 533  9.30   342.05 4.04  NNW   9157     331.01 NNW   66535 282       0        
9    115  35.567535 129.351837 587  07/07/2020 05:00:11 604  9.30   338.74 3.96  NNW   9157     331.01 NNW   67006 284       0        
9    115  35.567546 129.351837 663  07/07/2020 05:00:12 680  9.20   351.48 4.30  N     9157     331.01 NNW   67477 286       0        
9    115  35.567554 129.351837 736  07/07/2020 05:00:13 753  9.00   359.17 4.15  N     9157     331.01 NNW   67948 288       0        
9    115  35.567569 129.351821 811  07/07/2020 05:00:14 828  9.00   351.83 4.44  N     9157     331.01 NNW   68487 290       0        
8    127  35.567588 129.351821 55   07/07/2020 05:00:16 116  9.10   323.38 4.43  NW    9157     331.01 NNW   69149 294       0        
9    115  35.567596 129.351806 136  07/07/2020 05:00:17 198  9.10   327.66 4.13  NNW   9157     331.01 NNW   69798 296       0        
9    115  35.567604 129.351806 325  07/07/2020 05:00:18 353  9.10   335.36 4.09  NNW   9157     331.01 NNW   70299 298       0        
9    115  35.567615 129.351806 395  07/07/2020 05:00:19 413  9.30   347.20 4.83  NNW   9157     331.01 NNW   70770 300       0        
9    115  35.567623 129.351806 468  07/07/2020 05:00:20 487  9.30   353.62 3.94  N     9157     331.01 NNW   71241 302       0        
9    127  35.567638 129.351791 544  07/07/2020 05:00:21 562  9.30   340.63 4.91  NNW   9157     331.01 NNW   71712 304       0        
9    127  35.567649 129.351791 618  07/07/2020 05:00:22 637  9.50   342.25 4.33  NNW   9157     331.01 NNW   72183 306       0        
9    115  35.567661 129.351791 693  07/07/2020 05:00:23 711  9.40   344.41 4.04  NNW   9157     331.01 NNW   72654 308       0        
9    116  35.567668 129.351791 768  07/07/2020 05:00:24 788  9.40   346.08 2.63  NNW   9157     331.01 NNW   73125 310       0        
9    116  35.567680 129.351791 844  07/07/2020 05:00:25 863  9.40   346.78 2.82  NNW   9157     331.01 NNW   73723 313       0        
9    116  35.567684 129.351776 123  07/07/2020 05:00:27 74   9.30   313.34 6.37  NW    9157     331.01 NNW   74387 316       0        
9    116  35.567684 129.351776 201  07/07/2020 05:00:28 259  9.40   313.34 2.24  NW    9157     331.01 NNW   75007 318       0        
9    116  35.567687 129.351760 339  07/07/2020 05:00:29 358  9.50   311.99 4.94  NW    9157     331.01 NNW   75478 320       0        
9    116  35.567691 129.351760 413  07/07/2020 05:00:30 431  9.50   317.91 0.61  NW    9157     331.01 NNW   75949 322       0        
9    116  35.567687 129.351760 488  07/07/2020 05:00:31 506  9.50   310.16 0.83  NW    9157     331.01 NNW   76420 324       0        
9    116  35.567680 129.351760 561  07/07/2020 05:00:32 579  9.50   300.79 0.76  WNW   9157     331.01 NNW   76891 326       0        
9    116  35.567668 129.351776 637  07/07/2020 05:00:33 654  9.40   291.81 0.46  WNW   9157     331.01 NNW   77362 328       0        
9    116  35.567665 129.351760 711  07/07/2020 05:00:34 729  9.40   288.08 1.31  WNW   9157     331.01 NNW   77833 330       0        
9    116  35.567668 129.351760 785  07/07/2020 05:00:35 803  9.40   294.23 1.74  WNW   9157     331.01 NNW   78304 332       0        
9    116  35.567672 129.351776 868  07/07/2020 05:00:37 60   9.10   299.04 3.43  WNW   9157     331.01 NNW   78987 336       0        
9    116  35.567687 129.351760 89   07/07/2020 05:00:38 146  9.30   338.52 5.04  NNW   9157     331.01 NNW   79638 338       0        
8    127  35.567703 129.351760 279  07/07/2020 05:00:39 339  9.50   342.20 4.50  NNW   9157     331.01 NNW   80184 340       0        
9    127  35.567714 129.351760 369  07/07/2020 05:00:40 386  9.40   345.54 4.48  NNW   9157     331.01 NNW   80655 342       0        
9    127  35.567726 129.351745 443  07/07/2020 05:00:41 461  9.30   345.59 4.54  NNW   9157     331.01 NNW   81126 344       0        
9    127  35.567737 129.351745 518  07/07/2020 05:00:42 536  9.20   341.73 4.50  NNW   9157     331.01 NNW   81597 346       0        
9    127  35.567749 129.351745 594  07/07/2020 05:00:43 612  9.20   340.68 5.33  NNW   9157     331.01 NNW   82068 348       0        
9    127  35.567760 129.351745 668  07/07/2020 05:00:44 687  9.20   340.80 3.50  NNW   9157     331.01 NNW   82539 350       0        
9    116  35.567768 129.351730 742  07/07/2020 05:00:45 759  9.20   340.85 1.98  NNW   9157     331.01 NNW   83010 352       0        
9    116  35.567775 129.351730 815  07/07/2020 05:00:46 833  9.20   341.16 1.96  NNW   9157     331.01 NNW   83552 354       0        
9    127  35.567798 129.351730 58   07/07/2020 05:00:48 121  9.30   344.49 4.17  NNW   9157     331.01 NNW   84218 358       0        
9    127  35.567802 129.351730 143  07/07/2020 05:00:49 203  9.30   335.25 4.67  NNW   9157     331.01 NNW   84871 360       0        
9    116  35.567817 129.351730 330  07/07/2020 05:00:50 353  9.30   345.62 4.26  NNW   9157     331.01 NNW   85365 362       0        
9    116  35.567825 129.351715 400  07/07/2020 05:00:51 419  9.20   339.47 4.30  NNW   9157     331.01 NNW   85836 364       0        
8    127  35.567832 129.351715 476  07/07/2020 05:00:52 494  9.10   341.98 4.32  NNW   9157     331.01 NNW   86303 366       0        
8    127  35.567844 129.351715 554  07/07/2020 05:00:53 573  9.20   341.37 4.61  NNW   9157     331.01 NNW   86770 368       0        
8    127  35.567852 129.351715 626  07/07/2020 05:00:54 643  9.20   332.28 4.44  NNW   9157     331.01 NNW   87237 370       0        
8    127  35.567863 129.351699 700  07/07/2020 05:00:55 718  9.20   341.52 4.89  NNW   9157     331.01 NNW   87704 372       0        
9    127  35.567878 129.351699 775  07/07/2020 05:00:56 793  9.10   333.23 6.69  NNW   9157     331.01 NNW   88175 374       0        
9    127  35.567897 129.351684 857  07/07/2020 05:00:57 935  9.10   343.13 4.74  NNW   9157     331.01 NNW   88851 378       0        
9    127  35.567920 129.351684 78   07/07/2020 05:00:59 138  9.20   340.58 4.61  NNW   9157     331.01 NNW   89497 380       0        
9    116  35.567935 129.351669 264  07/07/2020 05:01:00 325  9.20   339.72 4.72  NNW   9157     331.01 NNW   90055 382       0        
9    116  35.567947 129.351669 355  07/07/2020 05:01:01 372  9.20   343.23 5.22  NNW   9157     331.01 NNW   90526 384       0        
9    116  35.567958 129.351669 431  07/07/2020 05:01:02 450  9.20   338.47 3.83  NNW   9157     331.01 NNW   90997 386       0        
8    127  35.567966 129.351669 506  07/07/2020 05:01:03 525  9.40   334.71 3.82  NNW   9157     331.01 NNW   91464 388       0        
9    127  35.567977 129.351654 579  07/07/2020 05:01:04 596  9.30   335.23 3.37  NNW   9157     331.01 NNW   91935 390       0        
9    116  35.567996 129.351654 653  07/07/2020 05:01:05 671  9.50   338.51 4.89  NNW   9157     331.01 NNW   92406 392       0        
9    116  35.568008 129.351638 728  07/07/2020 05:01:06 745  9.60   343.19 4.63  NNW   9157     331.01 NNW   92877 394       0        
9    127  35.568019 129.351638 805  07/07/2020 05:01:07 823  9.50   344.59 4.56  NNW   9157     331.01 NNW   93359 396       0        
8    127  35.568031 129.351638 903  07/07/2020 05:01:09 85   9.20   345.05 4.59  NNW   9157     331.01 NNW   94048 400       0        
9    127  35.568046 129.351638 106  07/07/2020 05:01:10 169  9.00   344.67 4.80  NNW   9157     331.01 NNW   94699 402       0        
9    116  35.568061 129.351623 291  07/07/2020 05:01:11 351  9.00   338.92 4.50  NNW   9157     331.00 NNW   95236 404       0        
9    116  35.568073 129.351623 381  07/07/2020 05:01:12 400  9.10   341.11 4.63  NNW   9157     331.00 NNW   95715 406       0        
9    116  35.568084 129.351623 457  07/07/2020 05:01:13 474  9.10   339.97 4.65  NNW   9157     331.00 NNW   96194 408       0        
8    127  35.568096 129.351608 533  07/07/2020 05:01:14 550  8.90   335.59 4.69  NNW   9157     331.00 NNW   96669 410       0        
8    127  35.568103 129.351593 608  07/07/2020 05:01:15 626  9.10   342.50 4.70  NNW   9157     331.00 NNW   97144 412       0        
9    127  35.568115 129.351593 681  07/07/2020 05:01:16 699  9.10   343.79 4.74  NNW   9157     331.00 NNW   97623 414       0        
9    127  35.568126 129.351593 756  07/07/2020 05:01:17 774  9.20   343.12 4.85  NNW   9157     331.00 NNW   98102 416       0        
9    116  35.568138 129.351593 829  07/07/2020 05:01:18 847  9.30   344.35 4.80  NNW   9157     331.00 NNW   98680 419       0        
9    116  35.568164 129.351577 84   07/07/2020 05:01:20 164  9.20   344.79 4.65  NNW   9157     331.00 NNW   99354 422       0        
9    116  35.568176 129.351577 173  07/07/2020 05:01:21 232  9.30   348.70 5.32  NNW   9157     331.00 NNW   10001 424       0        
9    116  35.568187 129.351577 346  07/07/2020 05:01:22 365  9.20   5.32   4.43  N     9157     331.00 NNW   10049 426       0        
9    116  35.568199 129.351577 421  07/07/2020 05:01:23 439  9.40   15.64  4.85  NNE   9157     331.00 NNW   10097 428       0        
9    116  35.568210 129.351577 495  07/07/2020 05:01:24 514  9.30   21.72  4.72  NNE   9157     331.00 NNW   10144 430       0        
9    116  35.568225 129.351577 571  07/07/2020 05:01:25 589  9.40   6.83   4.80  N     9157     331.00 NNW   10192 432       0        
9    116  35.568237 129.351577 647  07/07/2020 05:01:26 666  9.40   1.80   4.72  N     9157     331.00 NNW   10239 434       0        
8    127  35.568248 129.351577 719  07/07/2020 05:01:27 738  9.60   359.12 4.69  N     9157     331.00 NNW   10287 436       0        
9    127  35.568260 129.351577 791  07/07/2020 05:01:28 808  9.70   355.62 4.63  N     9157     331.00 NNW   10335 438       0        
9    127  35.568271 129.351577 873  07/07/2020 05:01:30 73   9.70   342.19 4.54  NNW   9157     331.00 NNW   10405 442       0        
9    127  35.568290 129.351577 92   07/07/2020 05:01:31 154  9.70   338.60 4.59  NNW   9157     331.00 NNW   10470 444       0        
9    127  35.568302 129.351562 281  07/07/2020 05:01:32 340  9.60   333.64 4.43  NNW   9157     331.00 NNW   10526 446       0        
9    127  35.568313 129.351562 373  07/07/2020 05:01:33 391  9.60   334.49 4.61  NNW   9157     331.00 NNW   10574 448       0        
9    127  35.568325 129.351562 447  07/07/2020 05:01:34 466  9.50   335.24 4.74  NNW   9157     331.00 NNW   10622 450       0        
9    127  35.568336 129.351547 522  07/07/2020 05:01:35 540  9.70   335.43 4.93  NNW   9157     331.00 NNW   10670 452       0        
9    127  35.568347 129.351547 597  07/07/2020 05:01:36 616  9.80   340.91 4.85  NNW   9157     331.00 NNW   10717 454       0        
9    127  35.568355 129.351547 666  07/07/2020 05:01:37 684  9.70   339.74 4.59  NNW   9157     331.00 NNW   10765 456       0        
9    127  35.568367 129.351531 740  07/07/2020 05:01:38 759  9.70   334.74 4.93  NNW   9157     331.00 NNW   10813 458       0        
8    127  35.568378 129.351531 819  07/07/2020 05:01:39 838  9.80   340.80 4.87  NNW   9157     331.00 NNW   10868 461       0        
9    127  35.568405 129.351516 64   07/07/2020 05:01:41 125  9.90   355.52 4.67  N     9157     331.00 NNW   10936 464       0        
9    127  35.568416 129.351516 151  07/07/2020 05:01:42 210  9.90   353.21 4.57  N     9157     331.00 NNW   11002 466       0        
9    116  35.568424 129.351516 334  07/07/2020 05:01:43 362  9.80   343.91 5.06  NNW   9157     331.00 NNW   11052 468       0        
9    127  35.568435 129.351516 406  07/07/2020 05:01:44 426  9.70   346.13 4.78  NNW   9157     331.00 NNW   11100 470       0        
9    127  35.568447 129.351516 481  07/07/2020 05:01:45 500  9.70   344.74 5.06  NNW   9157     331.00 NNW   11148 472       0        
9    127  35.568458 129.351516 553  07/07/2020 05:01:46 571  9.70   346.82 4.76  NNW   9157     331.00 NNW   11196 474       0        
9    116  35.568473 129.351501 627  07/07/2020 05:01:47 645  9.70   346.24 4.59  NNW   9157     331.00 NNW   11244 476       0        
9    127  35.568481 129.351501 703  07/07/2020 05:01:48 722  9.70   345.29 4.57  NNW   9157     331.00 NNW   11292 478       0        
9    127  35.568489 129.351501 778  07/07/2020 05:01:49 795  9.70   340.59 4.33  NNW   9157     331.00 NNW   11340 480       0        
9    116  35.568500 129.351501 861  07/07/2020 05:01:51 46   9.70   346.50 4.46  NNW   9157     331.00 NNW   11409 484       0        
9    116  35.568523 129.351486 82   07/07/2020 05:01:52 141  9.80   346.95 4.67  NNW   9157     331.00 NNW   11474 486       0        
9    116  35.568534 129.351486 268  07/07/2020 05:01:53 329  10.10  347.43 5.48  NNW   9157     331.00 NNW   11531 488       0        
9    116  35.568546 129.351486 359  07/07/2020 05:01:54 376  10.10  349.28 4.50  N     9157     331.00 NNW   11579 490       0        
9    116  35.568561 129.351486 433  07/07/2020 05:01:55 451  10.20  346.93 5.11  NNW   9157     331.00 NNW   11627 492       0        
8    127  35.568572 129.351470 508  07/07/2020 05:01:56 526  10.10  347.06 4.93  NNW   9157     331.00 NNW   11675 494       0        
9    127  35.568584 129.351470 582  07/07/2020 05:01:57 600  10.10  342.75 5.28  NNW   9157     331.00 NNW   11723 496       0        
9    116  35.568595 129.351470 656  07/07/2020 05:01:58 675  10.00  340.77 4.69  NNW   9157     331.00 NNW   11771 498       0        
9    116  35.568603 129.351470 731  07/07/2020 05:01:59 748  10.00  336.67 4.72  NNW   9157     331.00 NNW   11819 500       0        
9    116  35.568618 129.351455 804  07/07/2020 05:02:00 823  9.90   332.15 4.46  NNW   9157     331.00 NNW   11868 502       0        
8    127  35.568626 129.351440 903  07/07/2020 05:02:02 86   9.80   333.48 4.63  NNW   9157     331.00 NNW   11938 506       0        
8    127  35.568649 129.351440 108  07/07/2020 05:02:03 170  9.90   332.01 4.48  NNW   9157     331.00 NNW   12003 508       0        
9    127  35.568660 129.351425 296  07/07/2020 05:02:04 356  9.90   336.82 4.41  NNW   9157     331.00 NNW   12057 510       0        
9    127  35.568672 129.351425 382  07/07/2020 05:02:05 400  10.10  343.06 4.74  NNW   9157     331.00 NNW   12105 512       0        
9    127  35.568679 129.351425 456  07/07/2020 05:02:06 474  10.10  346.04 4.07  NNW   9157     331.00 NNW   12153 514       0        
9    127  35.568691 129.351425 530  07/07/2020 05:02:07 548  10.20  341.40 4.44  NNW   9157     331.00 NNW   12201 516       0        
9    127  35.568702 129.351409 605  07/07/2020 05:02:08 623  10.30  348.46 3.80  NNW   9157     331.00 NNW   12249 518       0        
9    116  35.568710 129.351409 679  07/07/2020 05:02:09 698  10.40  346.96 4.78  NNW   9157     331.00 NNW   12297 520       0        
9    116  35.568725 129.351409 754  07/07/2020 05:02:10 773  10.40  342.41 4.78  NNW   9157     331.00 NNW   12345 522       0        
8    127  35.568737 129.351409 829  07/07/2020 05:02:11 846  10.30  337.35 4.09  NNW   9157     331.00 NNW   12403 525       0        
9    127  35.568759 129.351394 85   07/07/2020 05:02:13 162  10.40  343.99 4.67  NNW   9157     331.00 NNW   12470 528       0        
9    116  35.568767 129.351394 170  07/07/2020 05:02:14 229  10.50  344.56 4.69  NNW   9157     331.00 NNW   12536 530       0        
9    116  35.568782 129.351379 346  07/07/2020 05:02:15 364  10.50  341.73 4.37  NNW   9157     331.00 NNW   12585 532       0        
9    127  35.568790 129.351379 423  07/07/2020 05:02:16 441  10.50  339.88 4.13  NNW   9157     331.00 NNW   12633 534       0        
8    127  35.568805 129.351379 497  07/07/2020 05:02:17 517  10.50  342.80 4.20  NNW   9157     331.00 NNW   12681 536       0        
8    127  35.568817 129.351379 573  07/07/2020 05:02:18 590  10.40  346.21 3.80  NNW   9157     331.00 NNW   12728 538       0        
9    127  35.568824 129.351364 645  07/07/2020 05:02:19 665  10.40  347.29 4.20  NNW   9157     331.00 NNW   12776 540       0        
9    127  35.568836 129.351364 719  07/07/2020 05:02:20 738  10.50  350.79 4.50  N     9157     331.00 NNW   12824 542       0        
9    127  35.568847 129.351364 799  07/07/2020 05:02:21 817  10.40  2.38   3.94  N     9157     331.00 NNW   12872 544       0        
9    116  35.568851 129.351364 886  07/07/2020 05:02:23 74   10.40  359.15 4.33  N     9157     331.00 NNW   12942 548       0        
9    128  35.568878 129.351364 98   07/07/2020 05:02:24 159  10.50  353.35 4.07  N     9157     331.00 NNW   13008 550       0        
9    116  35.568897 129.351364 283  07/07/2020 05:02:25 344  10.40  333.68 4.17  NNW   9157     331.00 NNW   13063 552       0        
9    116  35.568904 129.351348 373  07/07/2020 05:02:26 391  10.50  328.94 4.44  NNW   9157     331.00 NNW   13111 554       0        
9    116  35.568916 129.351348 450  07/07/2020 05:02:27 469  10.40  334.90 4.26  NNW   9157     331.00 NNW   13159 556       0        
9    116  35.568927 129.351348 524  07/07/2020 05:02:28 542  10.40  335.76 4.54  NNW   9157     331.00 NNW   13207 558       0        
9    116  35.568935 129.351333 597  07/07/2020 05:02:29 616  10.30  342.67 4.46  NNW   9157     331.00 NNW   13255 560       0        
9    116  35.568946 129.351333 672  07/07/2020 05:02:30 690  10.40  342.84 3.11  NNW   9157     331.00 NNW   13303 562       0        
9    116  35.568954 129.351333 746  07/07/2020 05:02:31 764  10.40  352.19 5.41  N     9157     331.00 NNW   13351 564       0        
9    116  35.568969 129.351333 821  07/07/2020 05:02:32 839  10.30  345.51 6.44  NNW   9157     331.00 NNW   13407 567       0        
9    116  35.568992 129.351333 66   07/07/2020 05:02:34 128  10.40  353.53 4.98  N     9157     331.00 NNW   13475 570       0        
9    116  35.569004 129.351318 153  07/07/2020 05:02:35 212  10.60  343.60 4.61  NNW   9157     331.00 NNW   13541 572       0        
9    116  35.569015 129.351318 337  07/07/2020 05:02:36 362  10.70  342.14 4.76  NNW   9157     331.00 NNW   13591 574       0        
9    116  35.569026 129.351318 404  07/07/2020 05:02:37 422  10.60  343.72 4.85  NNW   9157     331.00 NNW   13639 576       0        
9    116  35.569042 129.351318 473  07/07/2020 05:02:38 492  10.60  345.47 4.65  NNW   9157     331.00 NNW   13687 578       0        
9    116  35.569053 129.351303 554  07/07/2020 05:02:39 571  10.80  341.00 4.89  NNW   9157     331.00 NNW   13735 580       0        
9    116  35.569065 129.351303 631  07/07/2020 05:02:40 648  10.70  343.97 4.72  NNW   9157     331.00 NNW   13783 582       0        
9    116  35.569080 129.351303 705  07/07/2020 05:02:41 724  10.80  349.14 4.98  N     9157     331.00 NNW   13831 584       0        
9    116  35.569091 129.351303 780  07/07/2020 05:02:42 797  10.90  349.29 5.11  N     9157     331.00 NNW   13879 586       0        
9    116  35.569103 129.351303 860  07/07/2020 05:02:44 46   10.60  353.47 4.43  N     9157     331.00 NNW   13948 590       0        
9    116  35.569122 129.351287 86   07/07/2020 05:02:45 146  10.20  355.58 4.91  N     9157     331.00 NNW   14015 592       0        
9    116  35.569137 129.351287 270  07/07/2020 05:02:46 329  10.10  355.64 4.89  N     9157     331.00 NNW   14071 594       0        
9    116  35.569152 129.351287 362  07/07/2020 05:02:47 380  10.00  352.92 4.98  N     9157     331.00 NNW   14119 596       0        
9    128  35.569164 129.351287 436  07/07/2020 05:02:48 456  9.80   355.56 4.89  N     9157     331.00 NNW   14167 598       0        
9    116  35.569175 129.351287 513  07/07/2020 05:02:49 530  9.70   352.74 4.96  N     9157     331.00 NNW   14215 600       0        
9    128  35.569187 129.351272 587  07/07/2020 05:02:50 605  9.60   351.64 4.72  N     9157     331.00 NNW   14263 602       0        
9    116  35.569198 129.351272 661  07/07/2020 05:02:51 678  9.60   355.14 4.91  N     9157     331.00 NNW   14311 604       0        
9    116  35.569213 129.351272 736  07/07/2020 05:02:52 754  9.60   357.36 4.83  N     9157     331.00 NNW   14359 606       0        
9    116  35.569225 129.351272 810  07/07/2020 05:02:53 827  9.40   359.86 4.83  N     9157     331.00 NNW   14409 608       0        
9    128  35.569236 129.351272 917  07/07/2020 05:02:55 93   9.20   356.11 4.83  N     9157     331.00 NNW   14478 612       0        
9    128  35.569259 129.351272 117  07/07/2020 05:02:56 175  9.10   354.65 4.89  N     9157     331.00 NNW   14544 614       0        
9    116  35.569271 129.351272 305  07/07/2020 05:02:57 361  9.10   0.53   4.83  N     9157     331.00 NNW   14598 616       0        
9    116  35.569282 129.351272 383  07/07/2020 05:02:58 401  9.30   350.74 4.82  N     9157     331.00 NNW   14645 618       0        
9    116  35.569297 129.351272 458  07/07/2020 05:02:59 477  9.30   347.36 4.83  NNW   9157     331.00 NNW   14693 620       0        
9    116  35.569309 129.351272 533  07/07/2020 05:03:00 552  9.40   354.74 4.48  N     9157     331.00 NNW   14741 622       0        
9    116  35.569320 129.351272 609  07/07/2020 05:03:01 627  9.40   356.82 4.65  N     9157     331.00 NNW   14789 624       0        
9    116  35.569328 129.351272 684  07/07/2020 05:03:02 702  9.60   352.23 4.82  N     9157     331.00 NNW   14837 626       0        
9    128  35.569339 129.351272 759  07/07/2020 05:03:03 776  9.60   354.53 4.78  N     9157     331.00 NNW   14885 628       0        
9    128  35.569351 129.351272 839  07/07/2020 05:03:04 856  9.70   2.33   4.76  N     9157     331.00 NNW   14943 631       0        
9    128  35.569377 129.351272 91   07/07/2020 05:03:06 170  9.70   353.77 4.61  N     9157     331.00 NNW   15010 634       0        
9    128  35.569385 129.351257 175  07/07/2020 05:03:07 236  9.80   350.61 4.78  N     9157     331.00 NNW   15076 636       0        
9    128  35.569396 129.351257 346  07/07/2020 05:03:08 364  9.80   358.25 4.76  N     9157     331.00 NNW   15124 638       0        
9    128  35.569408 129.351257 426  07/07/2020 05:03:09 443  9.80   2.00   4.89  N     9157     331.00 NNW   15172 640       0        
8    128  35.569419 129.351257 497  07/07/2020 05:03:10 514  9.70   359.73 4.46  N     9157     331.00 NNW   15219 642       0        
9    128  35.569431 129.351257 570  07/07/2020 05:03:11 588  9.70   358.11 4.74  N     9157     331.00 NNW   15267 644       0        
9    117  35.569442 129.351257 642  07/07/2020 05:03:12 661  9.60   358.53 4.54  N     9157     331.00 NNW   15315 646       0        
9    117  35.569454 129.351257 721  07/07/2020 05:03:13 738  9.60   0.97   4.59  N     9157     331.00 NNW   15362 648       0        
9    117  35.569465 129.351257 797  07/07/2020 05:03:14 817  9.60   0.38   4.69  N     9157     331.00 NNW   15410 650       0        
9    117  35.569477 129.351257 875  07/07/2020 05:03:16 72   9.60   358.58 4.94  N     9157     331.00 NNW   15480 654       0        
9    117  35.569503 129.351257 101  07/07/2020 05:03:17 163  9.70   1.86   4.89  N     9157     331.00 NNW   15546 656       0        
9    117  35.569515 129.351257 286  07/07/2020 05:03:18 345  9.70   0.96   4.93  N     9157     331.00 NNW   15600 658       0        
9    117  35.569526 129.351257 374  07/07/2020 05:03:19 392  9.80   5.12   4.89  N     9157     331.00 NNW   15647 660       0        
9    117  35.569538 129.351257 449  07/07/2020 05:03:20 466  9.90   4.38   4.91  N     9157     331.00 NNW   15693 662       0        
9    117  35.569553 129.351257 519  07/07/2020 05:03:21 538  10.00  358.48 4.91  N     9157     331.00 NNW   15740 664       0        
9    117  35.569564 129.351257 597  07/07/2020 05:03:22 615  10.20  1.01   4.70  N     9157     331.00 NNW   15787 666       0        
9    117  35.569576 129.351257 673  07/07/2020 05:03:23 691  10.30  3.87   4.85  N     9157     331.00 NNW   15834 668       0        
9    117  35.569587 129.351257 746  07/07/2020 05:03:24 765  10.60  2.87   4.72  N     9157     331.00 NNW   15881 670       0        
9    117  35.569599 129.351272 822  07/07/2020 05:03:25 840  10.70  6.12   4.59  N     9157     331.00 NNW   15935 673       0        
9    117  35.569629 129.351272 61   07/07/2020 05:03:27 123  10.70  5.01   4.69  N     9157     331.00 NNW   16001 676       0        
9    128  35.569641 129.351272 148  07/07/2020 05:03:28 208  10.80  7.08   4.52  N     9157     331.00 NNW   16066 678       0        
9    117  35.569648 129.351272 333  07/07/2020 05:03:29 356  10.90  3.67   4.59  N     9157     331.00 NNW   16115 680       0        
9    117  35.569664 129.351272 402  07/07/2020 05:03:30 420  11.20  1.55   5.26  N     9157     331.00 NNW   16162 682       0        
9    117  35.569679 129.351272 473  07/07/2020 05:03:31 491  11.20  1.83   6.83  N     9157     331.00 NNW   16208 684       0        
9    117  35.569694 129.351272 546  07/07/2020 05:03:32 563  11.30  358.70 7.06  N     9157     331.00 NNW   16256 686       0        
9    128  35.569702 129.351272 627  07/07/2020 05:03:33 644  11.20  6.25   5.13  N     9157     331.00 NNW   16302 688       0        
9    117  35.569721 129.351272 700  07/07/2020 05:03:34 717  11.30  7.35   4.76  N     9157     331.00 NNW   16349 690       0        
9    117  35.569728 129.351272 775  07/07/2020 05:03:35 792  11.20  11.88  4.54  NNE   9157     331.00 NNW   16396 692       0        
9    117  35.569751 129.351272 847  07/07/2020 05:03:36 865  11.30  11.30  5.00  NNE   9157     331.00 NNW   16454 695       0        
9    117  35.569774 129.351287 96   07/07/2020 05:03:38 45   11.40  16.85  4.67  NNE   9157     331.00 NNW   16521 698       0        
9    117  35.569797 129.351303 191  07/07/2020 05:03:39 251  11.50  15.68  4.46  NNE   9157     331.00 NNW   16584 700       0        
9    124  35.569808 129.351303 341  07/07/2020 05:03:40 360  11.50  12.94  4.39  NNE   9157     331.00 NNW   16631 702       0        
9    124  35.569820 129.351303 416  07/07/2020 05:03:41 435  11.40  17.33  4.50  NNE   9157     331.00 NNW   16678 704       0        
9    124  35.569831 129.351303 490  07/07/2020 05:03:42 507  11.30  13.40  4.65  NNE   9157     331.00 NNW   16725 706       0        
9    124  35.569839 129.351303 564  07/07/2020 05:03:43 582  11.10  12.00  3.41  NNE   9157     331.00 NNW   16772 708       0        
9    117  35.569843 129.351303 639  07/07/2020 05:03:44 657  10.80  6.99   3.06  N     9157     331.00 NNW   16819 710       0        
9    117  35.569839 129.351287 711  07/07/2020 05:03:45 730  10.80  358.25 3.44  N     9157     331.00 NNW   16868 712       0        
9    117  35.569831 129.351287 785  07/07/2020 05:03:46 804  10.60  207.45 4.24  SSW   9157     331.00 NNW   16916 714       0        
9    117  35.569820 129.351272 869  07/07/2020 05:03:48 65   10.70  186.93 4.19  S     9157     331.00 NNW   16986 718       0        
9    117  35.569793 129.351272 92   07/07/2020 05:03:49 150  10.40  185.73 4.33  S     9157     331.00 NNW   17053 720       0        
9    124  35.569778 129.351272 278  07/07/2020 05:03:50 339  10.40  189.65 4.37  S     9157     331.00 NNW   17110 722       0        
9    124  35.569766 129.351272 369  07/07/2020 05:03:51 387  10.30  192.72 4.37  SSW   9157     331.00 NNW   17159 724       0        
9    117  35.569759 129.351257 442  07/07/2020 05:03:52 460  10.20  197.57 4.56  SSW   9157     331.00 NNW   17207 726       0        
9    117  35.569744 129.351257 517  07/07/2020 05:03:53 535  10.10  191.20 4.48  S     9157     331.00 NNW   17256 728       0        
9    117  35.569732 129.351257 592  07/07/2020 05:03:54 610  10.00  194.40 4.43  SSW   9157     331.00 NNW   17304 730       0        
9    117  35.569721 129.351257 666  07/07/2020 05:03:55 684  10.00  192.55 4.54  SSW   9157     331.00 NNW   17353 732       0        
9    117  35.569713 129.351257 741  07/07/2020 05:03:56 760  10.00  188.41 4.61  S     9157     331.00 NNW   17401 734       0        
9    117  35.569694 129.351257 814  07/07/2020 05:03:57 833  10.10  187.24 4.56  S     9157     331.00 NNW   17456 736       0        
9    117  35.569671 129.351242 52   07/07/2020 05:03:59 116  10.10  189.72 4.72  S     9157     331.00 NNW   17524 740       0        
9    117  35.569664 129.351242 139  07/07/2020 05:04:00 199  10.00  187.27 4.65  S     9157     331.00 NNW   17591 742       0        
9    117  35.569648 129.351242 325  07/07/2020 05:04:01 367  9.90   181.16 4.63  S     9157     331.00 NNW   17643 744       0        
9    117  35.569637 129.351242 404  07/07/2020 05:04:02 423  9.90   182.58 4.69  S     9157     331.00 NNW   17692 746       0        
9    117  35.569625 129.351242 480  07/07/2020 05:04:03 498  9.80   186.28 4.72  S     9157     331.00 NNW   17740 748       0        
9    117  35.569610 129.351242 553  07/07/2020 05:04:04 571  9.90   190.43 4.54  S     9157     331.00 NNW   17789 750       0        
9    117  35.569599 129.351242 629  07/07/2020 05:04:05 647  9.90   191.02 4.56  S     9157     331.00 NNW   17837 752       0        
9    117  35.569591 129.351242 702  07/07/2020 05:04:06 720  9.90   185.23 4.57  S     9157     331.00 NNW   17885 754       0        
9    117  35.569576 129.351242 776  07/07/2020 05:04:07 795  9.90   178.67 4.52  S     9157     331.00 NNW   17934 756       0        
9    117  35.569568 129.351242 857  07/07/2020 05:04:08 934  9.90   181.49 4.26  S     9157     331.00 NNW   18002 760       0        
10   112  35.569545 129.351242 75   07/07/2020 05:04:10 135  9.90   180.35 4.50  S     9157     331.00 NNW   18069 762       0        
10   112  35.569526 129.351242 261  07/07/2020 05:04:11 320  10.10  181.96 4.56  S     9157     331.00 NNW   18128 764       0        
10   112  35.569515 129.351242 360  07/07/2020 05:04:12 377  10.20  184.07 4.57  S     9157     331.00 NNW   18177 766       0        
10   112  35.569503 129.351242 434  07/07/2020 05:04:13 453  10.30  191.25 4.61  SSW   9157     331.00 NNW   18226 768       0        
10   112  35.569492 129.351242 509  07/07/2020 05:04:14 528  10.50  189.36 4.35  S     9157     331.00 NNW   18274 770       0        
10   112  35.569480 129.351242 583  07/07/2020 05:04:15 601  10.50  181.95 4.43  S     9157     331.00 NNW   18323 772       0        
10   112  35.569469 129.351242 657  07/07/2020 05:04:16 676  10.60  175.01 4.37  S     9157     331.00 NNW   18372 774       0        
10   112  35.569454 129.351242 732  07/07/2020 05:04:17 750  10.50  170.83 4.50  S     9157     331.00 NNW   18420 776       0        
9    117  35.569442 129.351242 810  07/07/2020 05:04:18 827  10.50  174.44 4.33  S     9157     331.00 NNW   18471 778       0        
10   117  35.569431 129.351242 910  07/07/2020 05:04:20 90   10.50  171.07 4.87  S     9157     331.00 NNW   18541 782       0        
10   112  35.569408 129.351257 115  07/07/2020 05:04:21 174  10.60  161.46 4.76  SSE   9157     331.00 NNW   18608 784       0        
10   112  35.569396 129.351257 302  07/07/2020 05:04:22 361  10.60  179.82 4.41  S     9157     331.00 NNW   18663 786       0        
10   112  35.569385 129.351257 390  07/07/2020 05:04:23 409  10.60  180.06 4.52  S     9157     331.00 NNW   18712 788       0        
10   112  35.569366 129.351257 463  07/07/2020 05:04:24 481  10.70  180.76 4.43  S     9157     331.00 NNW   18761 790       0        
10   112  35.569355 129.351257 538  07/07/2020 05:04:25 556  10.60  184.82 4.44  S     9157     331.00 NNW   18810 792       0        
10   119  35.569343 129.351257 614  07/07/2020 05:04:26 632  10.70  186.39 4.48  S     9157     331.00 NNW   18858 794       0        
10   117  35.569335 129.351257 687  07/07/2020 05:04:27 705  10.60  171.55 4.30  S     9157     331.00 NNW   18907 796       0        
9    128  35.569324 129.351257 766  07/07/2020 05:04:28 784  10.60  168.21 5.24  SSE   9157     331.00 NNW   18955 798       0        
9    117  35.569313 129.351257 839  07/07/2020 05:04:29 856  10.60  170.17 4.56  S     9157     331.00 NNW   19014 801       0        
9    117  35.569286 129.351257 93   07/07/2020 05:04:31 172  10.60  175.28 4.48  S     9157     331.00 NNW   19082 804       0        
9    117  35.569278 129.351257 182  07/07/2020 05:04:32 241  10.60  180.49 4.44  S     9157     331.00 NNW   19148 806       0        
9    117  35.569267 129.351272 351  07/07/2020 05:04:33 369  10.60  163.48 4.93  SSE   9157     331.00 NNW   19197 808       0        
9    117  35.569255 129.351272 425  07/07/2020 05:04:34 442  10.50  169.39 4.87  S     9157     331.00 NNW   19245 810       0        
9    117  35.569248 129.351272 499  07/07/2020 05:04:35 517  10.50  195.46 4.19  SSW   9157     331.00 NNW   19293 812       0        
9    117  35.569236 129.351257 575  07/07/2020 05:04:36 593  10.40  180.83 4.44  S     9157     331.00 NNW   19342 814       0        
9    117  35.569225 129.351257 644  07/07/2020 05:04:37 662  10.40  175.13 4.50  S     9157     331.00 NNW   19390 816       0        
9    117  35.569217 129.351257 721  07/07/2020 05:04:38 739  10.50  171.20 4.56  S     9157     331.00 NNW   19438 818       0        
9    117  35.569206 129.351257 799  07/07/2020 05:04:39 816  10.40  168.33 4.48  SSE   9157     331.00 NNW   19487 820       0        
9    117  35.569198 129.351257 889  07/07/2020 05:04:41 78   10.40  183.87 4.26  S     9157     331.00 NNW   19558 824       0        
9    117  35.569175 129.351257 101  07/07/2020 05:04:42 162  10.30  188.02 4.15  S     9157     331.00 NNW   19624 826       0        
9    117  35.569168 129.351257 285  07/07/2020 05:04:43 345  10.10  183.91 3.98  S     9157     331.00 NNW   19680 828       0        
9    117  35.569160 129.351257 379  07/07/2020 05:04:44 396  10.10  176.86 4.26  S     9157     331.00 NNW   19728 830       0        
9    117  35.569149 129.351257 454  07/07/2020 05:04:45 473  9.90   174.59 4.28  S     9157     331.00 NNW   19776 832       0        
9    117  35.569137 129.351257 530  07/07/2020 05:04:46 547  9.90   171.06 4.26  S     9157     331.00 NNW   19824 834       0        
10   117  35.569126 129.351257 600  07/07/2020 05:04:47 619  9.90   164.34 4.20  SSE   9157     331.00 NNW   19873 836       0        
9    117  35.569114 129.351257 677  07/07/2020 05:04:48 695  9.90   165.42 4.32  SSE   9157     331.00 NNW   19921 838       0        
9    117  35.569107 129.351272 752  07/07/2020 05:04:49 769  9.90   169.54 4.41  S     9157     331.00 NNW   19969 840       0        
10   117  35.569095 129.351272 824  07/07/2020 05:04:50 844  9.90   168.18 4.57  SSE   9157     331.00 NNW   20028 843       0        
9    117  35.569076 129.351272 80   07/07/2020 05:04:52 157  10.20  156.74 4.59  SSE   9157     331.00 NNW   20095 846       0        
9    117  35.569065 129.351287 167  07/07/2020 05:04:53 227  10.20  161.98 4.57  SSE   9157     331.00 NNW   20162 848       0        
9    117  35.569053 129.351303 349  07/07/2020 05:04:54 368  10.20  162.60 4.63  SSE   9157     331.00 NNW   20211 850       0        
9    117  35.569042 129.351303 422  07/07/2020 05:04:55 441  10.20  165.52 4.63  SSE   9157     331.00 NNW   20260 852       0        
9    117  35.569030 129.351303 497  07/07/2020 05:04:56 515  10.20  165.57 4.61  SSE   9157     331.00 NNW   20308 854       0        
9    117  35.569019 129.351303 571  07/07/2020 05:04:57 590  10.30  165.37 4.67  SSE   9157     331.00 NNW   20356 856       0        
9    117  35.569007 129.351318 647  07/07/2020 05:04:58 665  10.60  164.37 4.52  SSE   9157     331.00 NNW   20404 858       0        
9    117  35.568996 129.351318 720  07/07/2020 05:04:59 738  10.60  167.59 4.54  SSE   9157     331.00 NNW   20453 860       0        
10   117  35.568984 129.351318 791  07/07/2020 05:05:00 809  10.60  174.47 4.67  S     9157     331.00 NNW   20501 862       0        
10   112  35.568973 129.351318 874  07/07/2020 05:05:02 72   10.50  167.66 4.57  SSE   9157     331.00 NNW   20572 866       0        
10   112  35.568946 129.351333 96   07/07/2020 05:05:03 156  10.50  168.65 4.74  SSE   9157     331.00 NNW   20639 868       0        
10   117  35.568935 129.351333 284  07/07/2020 05:05:04 345  10.60  162.83 4.67  SSE   9157     331.00 NNW   20698 870       0        
10   117  35.568927 129.351333 377  07/07/2020 05:05:05 394  10.40  157.28 4.59  SSE   9157     331.00 NNW   20747 872       0        
10   117  35.568916 129.351348 450  07/07/2020 05:05:06 469  10.30  163.73 4.72  SSE   9157     331.00 NNW   20797 874       0        
10   117  35.568904 129.351348 528  07/07/2020 05:05:07 545  10.20  165.16 4.61  SSE   9157     331.00 NNW   20846 876       0        
10   117  35.568893 129.351348 602  07/07/2020 05:05:08 620  10.10  160.09 4.78  SSE   9157     331.00 NNW   20896 878       0        
10   117  35.568878 129.351348 675  07/07/2020 05:05:09 694  10.00  160.22 4.63  SSE   9157     331.00 NNW   20945 880       0        
10   117  35.568870 129.351364 749  07/07/2020 05:05:10 766  9.80   157.30 4.48  SSE   9157     331.00 NNW   20995 882       0        
10   117  35.568859 129.351364 825  07/07/2020 05:05:11 844  9.70   164.35 4.43  SSE   9157     331.00 NNW   21053 885       0        
10   117  35.568840 129.351364 79   07/07/2020 05:05:13 156  10.00  175.96 4.70  S     9157     331.00 NNW   21122 888       0        
10   117  35.568828 129.351379 167  07/07/2020 05:05:14 225  9.80   163.37 4.52  SSE   9157     331.00 NNW   21190 890       0        
10   117  35.568817 129.351379 352  07/07/2020 05:05:15 377  9.70   157.45 4.54  SSE   9157     331.00 NNW   21242 892       0        
10   117  35.568809 129.351379 421  07/07/2020 05:05:16 439  9.70   159.78 4.56  SSE   9157     331.00 NNW   21291 894       0        
10   117  35.568794 129.351379 496  07/07/2020 05:05:17 515  9.60   168.95 4.43  S     9157     331.00 NNW   21341 896       0        
10   117  35.568782 129.351394 571  07/07/2020 05:05:18 590  9.50   173.06 4.57  S     9157     331.00 NNW   21390 898       0        
10   117  35.568771 129.351394 644  07/07/2020 05:05:19 662  9.30   173.30 4.65  S     9157     331.00 NNW   21439 900       0        
9    117  35.568759 129.351394 722  07/07/2020 05:05:20 739  9.50   160.14 4.61  SSE   9157     331.00 NNW   21488 902       0        
9    117  35.568752 129.351394 795  07/07/2020 05:05:21 813  9.70   153.60 4.94  SSE   9157     331.00 NNW   21537 904       0        
9    117  35.568740 129.351409 886  07/07/2020 05:05:23 74   9.90   166.74 4.82  SSE   9157     331.00 NNW   21609 908       0        
10   112  35.568714 129.351409 98   07/07/2020 05:05:24 158  10.10  172.45 5.04  S     9157     331.00 NNW   21676 910       0        
10   112  35.568702 129.351409 285  07/07/2020 05:05:25 345  10.40  169.03 4.82  S     9157     331.00 NNW   21735 912       0        
10   112  35.568687 129.351409 377  07/07/2020 05:05:26 394  10.50  161.65 4.61  SSE   9157     331.00 NNW   21784 914       0        
10   112  35.568679 129.351425 452  07/07/2020 05:05:27 469  10.80  156.62 4.78  SSE   9157     331.00 NNW   21834 916       0        
10   117  35.568668 129.351425 526  07/07/2020 05:05:28 544  10.90  152.84 4.87  SSE   9157     331.00 NNW   21883 918       0        
10   117  35.568656 129.351440 601  07/07/2020 05:05:29 618  10.90  160.07 4.94  SSE   9157     331.00 NNW   21933 920       0        
10   117  35.568649 129.351440 675  07/07/2020 05:05:30 693  11.20  172.57 5.00  S     9157     331.00 NNW   21982 922       0        
10   117  35.568630 129.351440 747  07/07/2020 05:05:31 765  11.30  175.09 4.94  S     9157     331.00 NNW   22032 924       0        
10   117  35.568622 129.351440 822  07/07/2020 05:05:32 841  11.60  168.19 4.78  SSE   9157     331.00 NNW   22091 927       0        
10   117  35.568599 129.351440 77   07/07/2020 05:05:34 156  11.60  164.30 4.74  SSE   9157     331.00 NNW   22160 930       0        
10   117  35.568588 129.351455 165  07/07/2020 05:05:35 224  11.40  157.45 4.76  SSE   9157     331.00 NNW   22227 932       0        
9    117  35.568580 129.351470 348  07/07/2020 05:05:36 367  11.00  163.84 4.76  SSE   9157     331.00 NNW   22278 934       0        
10   117  35.568569 129.351470 416  07/07/2020 05:05:37 436  10.90  170.04 4.83  S     9157     331.00 NNW   22327 936       0        
10   112  35.568557 129.351470 490  07/07/2020 05:05:38 508  11.10  171.02 5.11  S     9157     331.00 NNW   22376 938       0        
10   112  35.568542 129.351470 568  07/07/2020 05:05:39 586  11.40  176.29 4.85  S     9157     331.00 NNW   22424 940       0        
10   112  35.568527 129.351470 643  07/07/2020 05:05:40 662  11.50  168.99 4.76  S     9157     331.00 NNW   22473 942       0        
10   113  35.568519 129.351470 717  07/07/2020 05:05:41 734  11.60  157.87 4.67  SSE   9157     331.00 NNW   22522 944       0        
10   117  35.568508 129.351486 793  07/07/2020 05:05:42 811  11.60  155.15 4.57  SSE   9157     331.00 NNW   22570 946       0        
10   117  35.568496 129.351486 875  07/07/2020 05:05:44 72   11.60  157.99 4.74  SSE   9157     331.00 NNW   22641 950       0        
10   117  35.568477 129.351501 97   07/07/2020 05:05:45 157  11.40  156.88 4.54  SSE   9157     331.00 NNW   22708 952       0        
10   117  35.568462 129.351501 283  07/07/2020 05:05:46 342  11.50  155.72 4.54  SSE   9157     331.00 NNW   22765 954       0        
10   117  35.568454 129.351501 372  07/07/2020 05:05:47 391  11.50  153.59 4.33  SSE   9157     331.00 NNW   22814 956       0        
10   117  35.568443 129.351516 447  07/07/2020 05:05:48 465  11.60  169.69 4.61  S     9157     331.00 NNW   22863 958       0        
10   117  35.568431 129.351516 521  07/07/2020 05:05:49 539  11.60  173.25 4.48  S     9157     331.00 NNW   22911 960       0        
10   117  35.568424 129.351516 597  07/07/2020 05:05:50 615  11.40  174.16 4.37  S     9157     331.00 NNW   22960 962       0        
10   117  35.568412 129.351516 671  07/07/2020 05:05:51 688  11.20  171.72 4.30  S     9157     331.00 NNW   23009 964       0        
10   117  35.568401 129.351516 744  07/07/2020 05:05:52 763  11.10  169.42 4.44  S     9157     331.00 NNW   23057 966       0        
9    117  35.568393 129.351516 823  07/07/2020 05:05:53 840  10.90  170.33 4.82  S     9157     331.00 NNW   23113 969       0        
9    117  35.568367 129.351531 61   07/07/2020 05:05:55 124  10.60  167.64 4.70  SSE   9157     331.00 NNW   23181 972       0        
10   117  35.568355 129.351531 146  07/07/2020 05:05:56 206  10.10  164.62 4.69  SSE   9157     331.00 NNW   23248 974       0        
10   117  35.568347 129.351531 333  07/07/2020 05:05:57 369  9.80   159.35 4.80  SSE   9157     331.00 NNW   23300 976       0        
10   117  35.568336 129.351547 408  07/07/2020 05:05:58 425  9.60   155.34 4.69  SSE   9157     331.00 NNW   23349 978       0        
10   117  35.568328 129.351547 482  07/07/2020 05:05:59 501  9.50   154.61 4.80  SSE   9157     331.00 NNW   23397 980       0        
10   117  35.568317 129.351547 556  07/07/2020 05:06:00 574  9.60   155.21 4.98  SSE   9157     331.00 NNW   23446 982       0        
10   117  35.568302 129.351562 630  07/07/2020 05:06:01 650  9.60   155.70 4.87  SSE   9157     331.00 NNW   23494 984       0        
10   117  35.568290 129.351562 706  07/07/2020 05:06:02 724  9.60   160.21 4.72  SSE   9157     331.00 NNW   23543 986       0        
10   117  35.568279 129.351562 779  07/07/2020 05:06:03 797  9.60   161.16 4.82  SSE   9157     331.00 NNW   23592 988       0        
10   117  35.568267 129.351577 861  07/07/2020 05:06:05 46   9.60   166.27 4.83  SSE   9157     331.00 NNW   23661 992       0        
10   117  35.568244 129.351577 82   07/07/2020 05:06:06 142  9.40   166.85 4.89  SSE   9157     331.00 NNW   23728 994       0        
10   117  35.568233 129.351577 268  07/07/2020 05:06:07 329  9.30   170.67 4.87  S     9157     331.00 NNW   23786 996       0        
9    117  35.568225 129.351577 362  07/07/2020 05:06:08 381  9.20   173.82 4.76  S     9157     331.00 NNW   23834 998       0        
9    117  35.568206 129.351577 435  07/07/2020 05:06:09 453  9.20   169.93 4.72  S     9157     331.00 NNW   23882 1000      0        
9    117  35.568199 129.351577 511  07/07/2020 05:06:10 528  9.10   164.72 4.72  SSE   9157     331.00 NNW   23931 1002      0        
9    117  35.568187 129.351593 585  07/07/2020 05:06:11 604  9.10   162.44 4.69  SSE   9157     331.00 NNW   23979 1004      0        
9    117  35.568176 129.351593 658  07/07/2020 05:06:12 676  9.20   165.68 4.69  SSE   9157     331.00 NNW   24027 1006      0        
9    117  35.568164 129.351593 731  07/07/2020 05:06:13 750  9.20   165.25 4.67  SSE   9157     331.00 NNW   24075 1008      0        
9    117  35.568153 129.351593 807  07/07/2020 05:06:14 825  9.30   161.76 4.61  SSE   9157     331.00 NNW   24126 1010      0        
10   117  35.568145 129.351608 906  07/07/2020 05:06:16 87   9.20   160.90 4.70  SSE   9157     331.00 NNW   24196 1014      0        
10   117  35.568119 129.351623 110  07/07/2020 05:06:17 170  9.30   156.49 4.83  SSE   9157     331.00 NNW   24262 1016      0        
10   117  35.568107 129.351623 297  07/07/2020 05:06:18 357  9.30   156.56 4.85  SSE   9157     331.00 NNW   24318 1018      0        
10   117  35.568096 129.351638 385  07/07/2020 05:06:19 403  9.40   149.75 4.93  SSE   9157     331.01 NNW   24366 1020      0        
10   117  35.568088 129.351638 461  07/07/2020 05:06:20 481  9.40   155.19 4.70  SSE   9157     331.01 NNW   24415 1022      0        
10   117  35.568077 129.351654 536  07/07/2020 05:06:21 553  9.40   160.33 4.70  SSE   9157     331.01 NNW   24464 1024      0        
10   117  35.568065 129.351654 609  07/07/2020 05:06:22 628  9.40   157.96 4.89  SSE   9157     331.01 NNW   24512 1026      0        
10   117  35.568054 129.351654 684  07/07/2020 05:06:23 703  9.40   155.70 4.94  SSE   9157     331.01 NNW   24561 1028      0        
10   117  35.568042 129.351669 761  07/07/2020 05:06:24 779  9.40   158.95 4.69  SSE   9157     331.01 NNW   24609 1030      0        
10   117  35.568031 129.351669 836  07/07/2020 05:06:25 854  9.40   159.83 4.65  SSE   9157     331.01 NNW   24668 1033      0        
10   117  35.568012 129.351684 94   07/07/2020 05:06:27 172  9.40   165.07 4.74  SSE   9157     331.01 NNW   24737 1036      0        
9    117  35.568000 129.351684 179  07/07/2020 05:06:28 240  9.60   172.07 5.70  S     9157     331.01 NNW   24803 1038      0        
9    117  35.567989 129.351684 348  07/07/2020 05:06:29 365  9.60   168.41 4.28  SSE   9157     331.01 NNW   24851 1040      0        
9    117  35.567977 129.351684 421  07/07/2020 05:06:30 439  9.70   168.71 3.57  SSE   9157     331.01 NNW   24900 1042      0        
9    117  35.567966 129.351684 495  07/07/2020 05:06:31 513  9.90   169.85 4.11  S     9157     331.01 NNW   24949 1044      0        
10   117  35.567955 129.351684 568  07/07/2020 05:06:32 588  10.00  166.88 4.44  SSE   9157     331.01 NNW   24999 1046      0        
10   117  35.567947 129.351684 643  07/07/2020 05:06:33 660  10.10  163.93 4.35  SSE   9157     331.01 NNW   25048 1048      0        
10   118  35.567935 129.351699 718  07/07/2020 05:06:34 737  10.00  161.52 4.44  SSE   9157     331.01 NNW   25098 1050      0        
10   118  35.567924 129.351699 794  07/07/2020 05:06:35 812  9.90   153.36 4.74  SSE   9157     331.01 NNW   25147 1052      0        
10   118  35.567913 129.351699 875  07/07/2020 05:06:37 67   9.90   160.89 4.13  SSE   9157     331.01 NNW   25218 1056      0        
10   118  35.567890 129.351715 94   07/07/2020 05:06:38 153  10.00  156.80 4.15  SSE   9157     331.01 NNW   25286 1058      0        
9    118  35.567882 129.351715 285  07/07/2020 05:06:39 345  9.90   166.73 4.17  SSE   9157     331.01 NNW   25344 1060      0        
10   118  35.567871 129.351715 376  07/07/2020 05:06:40 393  9.80   173.91 4.20  S     9157     331.01 NNW   25394 1062      0        
10   118  35.567863 129.351715 451  07/07/2020 05:06:41 469  9.80   172.52 4.50  S     9157     331.01 NNW   25443 1064      0        
10   118  35.567848 129.351730 525  07/07/2020 05:06:42 542  9.80   165.22 4.61  SSE   9157     331.01 NNW   25493 1066      0        
10   118  35.567840 129.351730 598  07/07/2020 05:06:43 617  9.70   166.19 4.54  SSE   9157     331.01 NNW   25542 1068      0        
10   118  35.567829 129.351730 675  07/07/2020 05:06:44 693  9.60   164.76 4.39  SSE   9157     331.01 NNW   25591 1070      0        
10   118  35.567817 129.351730 748  07/07/2020 05:06:45 765  9.50   171.39 4.24  S     9157     331.01 NNW   25639 1072      0        
10   118  35.567806 129.351730 823  07/07/2020 05:06:46 841  9.50   176.06 4.41  S     9157     331.01 NNW   25697 1075      0        
10   118  35.567783 129.351745 80   07/07/2020 05:06:48 159  9.50   163.82 4.54  SSE   9157     331.01 NNW   25765 1078      0        
10   118  35.567775 129.351745 165  07/07/2020 05:06:49 226  9.60   155.42 4.52  SSE   9157     331.01 NNW   25831 1080      0        
9    118  35.567768 129.351745 348  07/07/2020 05:06:50 365  9.50   142.54 4.63  SE    9157     331.01 NNW   25881 1082      0        
10   118  35.567756 129.351760 421  07/07/2020 05:06:51 440  9.60   143.68 4.33  SE    9157     331.01 NNW   25930 1084      0        
9    118  35.567749 129.351760 497  07/07/2020 05:06:52 514  9.60   160.90 4.41  SSE   9157     331.01 NNW   25978 1086      0        
10   118  35.567737 129.351776 571  07/07/2020 05:06:53 588  9.60   168.18 4.44  SSE   9157     331.01 NNW   26027 1088      0        
10   118  35.567726 129.351776 646  07/07/2020 05:06:54 664  9.70   156.40 4.46  SSE   9157     331.01 NNW   26075 1090      0        
10   118  35.567714 129.351791 719  07/07/2020 05:06:55 738  9.80   143.48 4.54  SE    9157     331.01 NNW   26124 1092      0        
10   118  35.567707 129.351791 793  07/07/2020 05:06:56 812  9.70   150.48 4.35  SSE   9157     331.01 NNW   26173 1094      0        
9    118  35.567695 129.351791 878  07/07/2020 05:06:58 71   9.70   163.23 4.54  SSE   9157     331.01 NNW   26243 1098      0        
10   118  35.567676 129.351806 98   07/07/2020 05:06:59 157  9.70   167.74 4.59  SSE   9157     331.01 NNW   26310 1100      0        
9    118  35.567665 129.351806 284  07/07/2020 05:07:00 343  9.60   171.32 4.43  S     9157     331.01 NNW   26366 1102      0        
9    118  35.567653 129.351806 371  07/07/2020 05:07:01 390  9.60   168.09 4.46  SSE   9157     331.01 NNW   26414 1104      0        
10   118  35.567638 129.351806 448  07/07/2020 05:07:02 465  9.40   163.47 4.37  SSE   9157     331.01 NNW   26463 1106      0        
10   118  35.567630 129.351821 521  07/07/2020 05:07:03 539  9.30   161.69 4.07  SSE   9157     331.01 NNW   26512 1108      0        
9    118  35.567623 129.351821 596  07/07/2020 05:07:04 614  9.30   167.59 4.09  SSE   9157     331.01 NNW   26560 1110      0        
10   113  35.567611 129.351821 668  07/07/2020 05:07:05 687  9.20   171.25 4.19  S     9157     331.01 NNW   26608 1112      0        
10   113  35.567600 129.351821 743  07/07/2020 05:07:06 761  9.30   179.92 4.32  S     9157     331.01 NNW   26657 1114      0        
10   118  35.567592 129.351821 818  07/07/2020 05:07:07 835  8.80   191.45 3.91  SSW   9157     331.01 NNW   26713 1116      0        
10   113  35.567573 129.351806 62   07/07/2020 05:07:09 124  8.80   182.73 4.02  S     9157     331.01 NNW   26781 1120      0        
10   118  35.567558 129.351806 146  07/07/2020 05:07:10 206  8.30   174.23 4.20  S     9157     331.01 NNW   26848 1122      0        
10   118  35.567546 129.351821 332  07/07/2020 05:07:11 368  8.30   173.88 4.22  S     9157     331.01 NNW   26900 1124      0        
10   118  35.567539 129.351821 407  07/07/2020 05:07:12 424  8.50   167.22 4.28  SSE   9157     331.01 NNW   26949 1126      0        
10   118  35.567527 129.351821 480  07/07/2020 05:07:13 498  8.50   161.25 4.35  SSE   9157     331.01 NNW   26997 1128      0        
10   118  35.567520 129.351821 555  07/07/2020 05:07:14 573  8.50   160.84 4.41  SSE   9157     331.01 NNW   27046 1130      0        
10   118  35.567508 129.351837 631  07/07/2020 05:07:15 651  8.50   163.78 4.37  SSE   9157     331.01 NNW   27094 1132      0        
10   118  35.567497 129.351837 706  07/07/2020 05:07:16 723  8.50   169.93 4.41  S     9157     331.01 NNW   27143 1134      0        
10   118  35.567485 129.351837 777  07/07/2020 05:07:17 796  8.60   170.68 4.43  S     9157     331.01 NNW   27192 1136      0        
10   118  35.567474 129.351837 861  07/07/2020 05:07:19 46   8.50   156.26 5.06  SSE   9157     331.01 NNW   27261 1140      0        
10   118  35.567451 129.351852 82   07/07/2020 05:07:20 141  8.90   155.58 4.78  SSE   9157     331.01 NNW   27328 1142      0        
9    125  35.567443 129.351852 272  07/07/2020 05:07:21 331  8.90   161.23 4.50  SSE   9157     331.01 NNW   27386 1144      0        
10   125  35.567432 129.351867 358  07/07/2020 05:07:22 376  9.00   164.74 4.32  SSE   9157     331.01 NNW   27434 1146      0        
10   118  35.567420 129.351867 431  07/07/2020 05:07:23 448  8.90   164.03 4.37  SSE   9157     331.01 NNW   27483 1148      0        
10   118  35.567413 129.351867 506  07/07/2020 05:07:24 524  9.00   158.30 4.48  SSE   9157     331.01 NNW   27531 1150      0        
10   118  35.567401 129.351867 582  07/07/2020 05:07:25 600  9.00   157.46 4.44  SSE   9157     331.01 NNW   27580 1152      0        
10   118  35.567386 129.351882 657  07/07/2020 05:07:26 676  9.00   162.62 4.39  SSE   9157     331.01 NNW   27629 1154      0        
10   113  35.567375 129.351882 729  07/07/2020 05:07:27 747  9.20   163.25 4.30  SSE   9157     331.01 NNW   27677 1156      0        
10   118  35.567367 129.351882 805  07/07/2020 05:07:28 822  9.20   166.47 4.33  SSE   9157     331.01 NNW   27728 1158      0        
9    125  35.567356 129.351898 908  07/07/2020 05:07:30 87   9.40   177.41 4.44  S     9157     331.01 NNW   27798 1162      0        
10   118  35.567337 129.351898 112  07/07/2020 05:07:31 170  9.40   184.82 4.39  S     9157     331.01 NNW   27864 1164      0        
10   118  35.567325 129.351882 296  07/07/2020 05:07:32 356  9.30   195.97 4.43  SSW   9157     331.01 NNW   27920 1166      0        
10   113  35.567310 129.351882 386  07/07/2020 05:07:33 404  9.50   202.13 4.93  SSW   9157     331.01 NNW   27968 1168      0        
10   113  35.567298 129.351882 462  07/07/2020 05:07:34 480  9.70   202.21 4.85  SSW   9157     331.01 NNW   28017 1170      0        
10   113  35.567287 129.351867 537  07/07/2020 05:07:35 555  9.80   197.59 4.67  SSW   9157     331.01 NNW   28066 1172      0        
10   113  35.567276 129.351867 605  07/07/2020 05:07:36 624  10.00  192.17 4.54  SSW   9157     331.01 NNW   28115 1174      0        
10   113  35.567264 129.351867 681  07/07/2020 05:07:37 699  10.00  187.69 4.19  S     9157     331.01 NNW   28165 1176      0        
10   113  35.567253 129.351867 755  07/07/2020 05:07:38 774  10.00  187.22 4.54  S     9157     331.01 NNW   28214 1178      0        
10   113  35.567241 129.351867 832  07/07/2020 05:07:39 849  10.10  189.29 4.54  S     9157     331.01 NNW   28274 1181      0        
10   113  35.567214 129.351852 89   07/07/2020 05:07:41 168  10.20  189.48 4.44  S     9157     331.01 NNW   28343 1184      0        
10   113  35.567207 129.351852 178  07/07/2020 05:07:42 238  10.20  191.00 4.32  S     9157     331.01 NNW   28411 1186      0        
10   113  35.567195 129.351852 360  07/07/2020 05:07:43 378  10.00  185.31 4.24  S     9157     331.01 NNW   28462 1188      0        
10   113  35.567184 129.351852 435  07/07/2020 05:07:44 452  9.90   189.80 4.52  S     9157     331.01 NNW   28511 1190      0        
10   113  35.567173 129.351852 512  07/07/2020 05:07:45 529  9.90   187.77 4.52  S     9157     331.01 NNW   28560 1192      0        
10   113  35.567161 129.351837 585  07/07/2020 05:07:46 603  9.90   183.29 4.44  S     9157     331.01 NNW   28610 1194      0        
10   113  35.567146 129.351837 660  07/07/2020 05:07:47 679  9.80   172.07 4.35  S     9157     331.01 NNW   28659 1196      0        
10   113  35.567134 129.351852 733  07/07/2020 05:07:48 752  9.70   167.80 4.35  SSE   9157     331.01 NNW   28709 1198      0        
10   113  35.567127 129.351852 809  07/07/2020 05:07:49 827  9.70   165.33 4.35  SSE   9157     331.01 NNW   28761 1200      0        
10   113  35.567115 129.351852 910  07/07/2020 05:07:51 91   9.60   165.79 4.13  SSE   9157     331.01 NNW   28831 1204      0        
9    118  35.567096 129.351852 116  07/07/2020 05:07:52 177  9.70   163.54 4.39  SSE   9157     331.01 NNW   28899 1206      0        
9    118  35.567089 129.351867 304  07/07/2020 05:07:53 363  9.60   163.47 3.00  SSE   9157     331.01 NNW   28954 1208      0        
9    118  35.567085 129.351867 388  07/07/2020 05:07:54 406  9.60   163.99 1.26  SSE   9157     331.01 NNW   29002 1210      0        
9    118  35.567085 129.351867 463  07/07/2020 05:07:55 482  9.60   154.34 1.56  SSE   9157     331.01 NNW   29050 1212      0        
9    118  35.567089 129.351867 537  07/07/2020 05:07:56 555  9.70   144.92 1.72  SE    9157     331.01 NNW   29099 1214      0        
9    118  35.567089 129.351867 625  07/07/2020 05:07:57 643  9.70   144.92 0.30  SE    9157     331.01 NNW   29146 1216      0        
9    118  35.567089 129.351867 700  07/07/2020 05:07:58 718  9.70   144.92 0.28  SE    9157     331.01 NNW   29193 1218      0        
9    118  35.567089 129.351867 773  07/07/2020 05:07:59 792  9.70   144.92 0.06  SE    9157     331.01 NNW   29240 1220      0        
9    118  35.567089 129.351867 849  07/07/2020 05:08:00 866  9.70   144.92 0.19  SE    9157     331.01 NNW   29297 1223      0        
9    118  35.567089 129.351867 92   07/07/2020 05:08:02 61   9.60   144.92 0.02  SE    9157     331.01 NNW   29364 1226      0        
9    118  35.567085 129.351867 190  07/07/2020 05:08:03 249  9.70   144.92 0.02  SE    9157     331.01 NNW   29428 1228      0        
9    118  35.567081 129.351867 348  07/07/2020 05:08:04 366  9.80   144.92 0.07  SE    9157     331.01 NNW   29475 1230      0        
9    118  35.567081 129.351867 423  07/07/2020 05:08:05 441  9.80   144.92 0.09  SE    9157     331.01 NNW   29522 1232      0        
9    118  35.567081 129.351867 499  07/07/2020 05:08:06 519  9.90   144.92 0.04  SE    9157     331.01 NNW   29569 1234      0        
9    118  35.567081 129.351867 559  07/07/2020 05:08:07 577  9.80   150.71 0.67  SSE   9157     331.01 NNW   29617 1236      0        
9    118  35.567081 129.351867 647  07/07/2020 05:08:08 666  10.00  150.71 0.19  SSE   9157     331.01 NNW   29664 1238      0        
